<!DOCTYPE HTML>
<html>
  <head>
    <meta charset="UTF-8">
    <title>AME results</title>
    <script type="text/javascript">
      //@JSON_VAR data
      var data = {
        "version": "4.11.4",
        "revision": "cf36d001d07a7f18443277a7391ad37408945206",
        "release": "Thu May 18 17:37:13 2017 -0700",
        "cmd": [
          "/home/meme/meme_4.11.4/bin/ame", "--verbose", "1", "--oc", ".",
          "--control", "shuffled_extracted_positive.fa", "--bgformat", "1",
          "--scoring", "avg", "--method", "ranksum",
          "--pvalue-report-threshold", "0.05", "extracted_positive.fa",
          "db/JASPAR/JASPAR_CORE_2016_vertebrates.meme"
        ],
        "options": {
          "scoring": "avg_odds",
          "rs_method": "quick",
          "positive_list": "FASTA",
          "pvalue_method": "Wilcoxon rank-sum test",
          "pseudocount": 0.25,
          "fisher_pwm_threshold": 1,
          "fisher_fasta_threshold": 0.001,
          "pvalue_threshold": 0.0002,
          "pvalue_report_threshold": 0.05,
          "length_correction": false,
          "log_fscores": false,
          "log_pwmscores": false,
          "linreg_normalise": false,
          "linreg_switchxy": true,
          "fix_partition": true,
          "partition": "number of primary sequences"
        },
        "motif_dbs": [
          {
            "source": "db/JASPAR/JASPAR_CORE_2016_vertebrates.meme",
            "count": 519
          }
        ],
        "alphabet": {
          "name": "DNA",
          "like": "dna",
          "ncore": 4,
          "symbols": [
            {
              "symbol": "A",
              "name": "Adenine",
              "colour": "CC0000",
              "complement": "T"
            }, {
              "symbol": "C",
              "name": "Cytosine",
              "colour": "0000CC",
              "complement": "G"
            }, {
              "symbol": "G",
              "name": "Guanine",
              "colour": "FFB300",
              "complement": "C"
            }, {
              "symbol": "T",
              "aliases": "U",
              "name": "Thymine",
              "colour": "008000",
              "complement": "A"
            }, {
              "symbol": "N",
              "aliases": "X.",
              "name": "Any base",
              "equals": "ACGT"
            }, {
              "symbol": "V",
              "name": "Not T",
              "equals": "ACG"
            }, {
              "symbol": "H",
              "name": "Not G",
              "equals": "ACT"
            }, {
              "symbol": "D",
              "name": "Not C",
              "equals": "AGT"
            }, {
              "symbol": "B",
              "name": "Not A",
              "equals": "CGT"
            }, {
              "symbol": "M",
              "name": "Amino",
              "equals": "AC"
            }, {
              "symbol": "R",
              "name": "Purine",
              "equals": "AG"
            }, {
              "symbol": "W",
              "name": "Weak",
              "equals": "AT"
            }, {
              "symbol": "S",
              "name": "Strong",
              "equals": "CG"
            }, {
              "symbol": "Y",
              "name": "Pyrimidine",
              "equals": "CT"
            }, {
              "symbol": "K",
              "name": "Keto",
              "equals": "GT"
            }
          ]
        },
        "background": {
          "source": "motif",
          "frequencies": [0.25, 0.25, 0.25, 0.25]
        },
        "sequence_db": {
          "source": "extracted_positive.fa",
          "count": 1298
        },
        "control_db": {
          "source": "shuffled_extracted_positive.fa",
          "count": 1298
        },
        "min_sequence_score": 1.03397e-27,
        "max_sequence_score": 187943,
        "max_median_sequence_score": 2.9543,
        "motifs": [
          {
            "db": 0,
            "id": "MA0607.1",
            "alt": "Bhlha15",
            "len": 8,
            "motif_evalue": 0,
            "motif_nsites": 999,
            "url": "http://jaspar.genereg.net?ID=MA0607.1&rm=present&collection=CORE",
            "pwm": [
              [0.142884, 0.57035, 0.285705, 0.0010613], 
              [6.25469e-05, 0.999812, 6.25469e-05, 6.25469e-05], 
              [0.999812, 6.25469e-05, 6.25469e-05, 6.25469e-05], 
              [6.25469e-05, 6.25469e-05, 0.200212, 0.799662], 
              [0.799662, 0.200212, 6.25469e-05, 6.25469e-05], 
              [6.25469e-05, 6.25469e-05, 6.25469e-05, 0.999812], 
              [6.25469e-05, 6.25469e-05, 0.999812, 6.25469e-05], 
              [0.0010623, 0.231005, 0.154024, 0.613909]
            ],
            "pvalue": 3.55896e-23,
            "corrected_pvalue": 1.8471e-20
          }, {
            "db": 0,
            "id": "MA0671.1",
            "alt": "NFIX",
            "len": 9,
            "motif_evalue": 0,
            "motif_nsites": 38641,
            "url": "http://jaspar.genereg.net?ID=MA0671.1&rm=present&collection=CORE",
            "pwm": [
              [0.241936, 0.268074, 0.265488, 0.224501], 
              [0.238315, 0.186648, 0.3303, 0.244736], 
              [0.188773, 0.162263, 0.098932, 0.550032], 
              [0.00369659, 0.00520858, 0.920015, 0.0710802], 
              [8.46169e-05, 0.909022, 0.09009, 0.000803612], 
              [1.61744e-06, 0.999995, 1.61744e-06, 1.61744e-06], 
              [0.928777, 0.0630242, 0.00508858, 0.0031106], 
              [0.666515, 0.0275024, 0.257327, 0.0486553], 
              [0.251065, 0.275043, 0.277964, 0.195929]
            ],
            "pvalue": 3.20157e-22,
            "corrected_pvalue": 1.66161e-19
          }, {
            "db": 0,
            "id": "MA0461.2",
            "alt": "Atoh1",
            "len": 10,
            "motif_evalue": 0,
            "motif_nsites": 1110,
            "url": "http://jaspar.genereg.net?ID=MA0461.2&rm=present&collection=CORE",
            "pwm": [
              [0.548509, 0.0904879, 0.311544, 0.0494592], 
              [0.509192, 0.325202, 0.145107, 0.0204997], 
              [0.0390445, 0.953417, 0.00748262, 5.62936e-05], 
              [0.949888, 0.0185531, 0.0315012, 5.62936e-05], 
              [0.0143391, 0.0084574, 0.114317, 0.862887], 
              [0.932634, 0.0672532, 5.62936e-05, 5.62936e-05], 
              [0.0208456, 0.00383644, 0.00478123, 0.970537], 
              [0.00194087, 0.000999081, 0.967793, 0.0292677], 
              [0.0331228, 0.227631, 0.365733, 0.373513], 
              [0.0999558, 0.385605, 0.0983951, 0.416044]
            ],
            "pvalue": 4.2219e-22,
            "corrected_pvalue": 2.19117e-19
          }, {
            "db": 0,
            "id": "MA0091.1",
            "alt": "TAL1::TCF3",
            "len": 12,
            "motif_evalue": 0,
            "motif_nsites": 44,
            "url": "http://jaspar.genereg.net?ID=MA0091.1&rm=present&collection=CORE",
            "pwm": [
              [0.295198, 0.317797, 0.182203, 0.204802], 
              [0.204802, 0.227401, 0.453389, 0.114406], 
              [0.882769, 0.00141243, 0.0692092, 0.0466106], 
              [0.453389, 0.543786, 0.00141243, 0.00141243], 
              [0.00141243, 0.973164, 0.024011, 0.00141243], 
              [0.995763, 0.00141243, 0.00141243, 0.00141243], 
              [0.00141243, 0.024011, 0.25, 0.724577], 
              [0.272599, 0.724577, 0.00141243, 0.00141243], 
              [0.00141243, 0.00141243, 0.00141243, 0.995763], 
              [0.00141243, 0.00141243, 0.973164, 0.024011], 
              [0.00141243, 0.0692092, 0.453389, 0.475989], 
              [0.0918078, 0.0918078, 0.0466106, 0.769774]
            ],
            "pvalue": 6.09041e-22,
            "corrected_pvalue": 3.16092e-19
          }, {
            "db": 0,
            "id": "MA0739.1",
            "alt": "Hic1",
            "len": 9,
            "motif_evalue": 0,
            "motif_nsites": 11971,
            "url": "http://jaspar.genereg.net?ID=MA0739.1&rm=present&collection=CORE",
            "pwm": [
              [0.511373, 0.058025, 0.376853, 0.0537481], 
              [0.00536611, 0.0364975, 0.00631809, 0.951818], 
              [0.0746427, 0.0462013, 0.864773, 0.0143829], 
              [0.00447813, 0.984687, 0.01083, 5.22084e-06], 
              [0.00786606, 0.98328, 0.00277416, 0.00608009], 
              [0.795257, 0.176483, 0.000270215, 0.0279906], 
              [0.557821, 0.180432, 0.205961, 0.0557871], 
              [0.0795136, 0.717339, 0.106168, 0.0969792], 
              [0.146259, 0.438041, 0.17115, 0.244549]
            ],
            "pvalue": 1.038e-20,
            "corrected_pvalue": 5.38723e-18
          }, {
            "db": 0,
            "id": "MA0597.1",
            "alt": "THAP1",
            "len": 9,
            "motif_evalue": 0,
            "motif_nsites": 199,
            "url": "http://jaspar.genereg.net?ID=MA0597.1&rm=present&collection=CORE",
            "pwm": [
              [0.0906522, 0.467064, 0.135821, 0.306462], 
              [0.0755961, 0.236198, 0.06054, 0.627667], 
              [0.100691, 0.000313676, 0.687892, 0.211104], 
              [0.0354455, 0.913739, 0.000313676, 0.0505016], 
              [0.0153698, 0.978983, 0.000313676, 0.00533237], 
              [0.291405, 0.682873, 0.00533237, 0.0203895], 
              [0.236198, 0.0856335, 0.386763, 0.291405], 
              [0.150879, 0.35665, 0.206085, 0.286386], 
              [0.582497, 0.170953, 0.0856335, 0.160916]
            ],
            "pvalue": 1.53083e-20,
            "corrected_pvalue": 7.94501e-18
          }, {
            "db": 0,
            "id": "MA0832.1",
            "alt": "Tcf21",
            "len": 14,
            "motif_evalue": 0,
            "motif_nsites": 178,
            "url": "http://jaspar.genereg.net?ID=MA0832.1&rm=present&collection=CORE",
            "pwm": [
              [0.321537, 0.169704, 0.409133, 0.0996262], 
              [0.162913, 0.441591, 0.128078, 0.267418], 
              [0.862775, 0.00539455, 0.11635, 0.0154814], 
              [0.943777, 0.0555221, 0.000350631, 0.000350631], 
              [0.000350631, 0.998948, 0.000350631, 0.000350631], 
              [0.993142, 0.00615648, 0.000350631, 0.000350631], 
              [0.000350631, 0.000350631, 0.987403, 0.0118954], 
              [0.000350631, 0.987403, 0.00612252, 0.00612252], 
              [0.000350631, 0.000350631, 0.000350631, 0.998948], 
              [0.000350631, 0.000350631, 0.998948, 0.000350631], 
              [0.000350631, 0.0208349, 0.102771, 0.876044], 
              [0.0254414, 0.115767, 0.000350631, 0.858441], 
              [0.290641, 0.133884, 0.464814, 0.110661], 
              [0.175544, 0.286499, 0.187223, 0.350736]
            ],
            "pvalue": 5.25207e-20,
            "corrected_pvalue": 2.72583e-17
          }, {
            "db": 0,
            "id": "MA0623.1",
            "alt": "Neurog1",
            "len": 10,
            "motif_evalue": 0,
            "motif_nsites": 1000,
            "url": "http://jaspar.genereg.net?ID=MA0623.1&rm=present&collection=CORE",
            "pwm": [
              [0.425381, 0.113147, 0.235239, 0.226232], 
              [0.17002, 0.591915, 0.17102, 0.0670457], 
              [0.270995, 0.687891, 0.0270557, 0.014059], 
              [0.664896, 0.0350537, 0.187016, 0.113034], 
              [0.00106323, 0.0641105, 0.14317, 0.791657], 
              [0.793864, 0.141027, 0.0560485, 0.00906023], 
              [0.0759675, 0.150874, 0.0110487, 0.76211], 
              [0.0120475, 0.00106123, 0.868976, 0.117915], 
              [0.0390137, 0.150874, 0.421535, 0.388576], 
              [0.0920395, 0.269995, 0.235004, 0.402962]
            ],
            "pvalue": 6.4706e-20,
            "corrected_pvalue": 3.35824e-17
          }, {
            "db": 0,
            "id": "MA0161.1",
            "alt": "NFIC",
            "len": 6,
            "motif_evalue": 0,
            "motif_nsites": 6912,
            "url": "http://jaspar.genereg.net?ID=MA0161.1&rm=present&collection=CORE",
            "pwm": [
              [0.0518012, 0.265045, 0.0254711, 0.657682], 
              [0.0117276, 0.00970169, 0.0434105, 0.93516], 
              [0.0117276, 0.00970169, 0.971183, 0.00738678], 
              [0.0131746, 0.0127396, 0.961056, 0.0130296], 
              [0.177376, 0.776023, 0.0231562, 0.0234462], 
              [0.477133, 0.141931, 0.171589, 0.209347]
            ],
            "pvalue": 4.18787e-19,
            "corrected_pvalue": 2.17351e-16
          }, {
            "db": 0,
            "id": "MA0093.2",
            "alt": "USF1",
            "len": 11,
            "motif_evalue": 0,
            "motif_nsites": 16842,
            "url": "http://jaspar.genereg.net?ID=MA0093.2&rm=present&collection=CORE",
            "pwm": [
              [0.287732, 0.223489, 0.425243, 0.0635348], 
              [0.0874034, 0.442225, 0.177118, 0.293254], 
              [0.00255667, 0.997436, 3.71091e-06, 3.71091e-06], 
              [0.984017, 3.71091e-06, 3.71091e-06, 0.0159755], 
              [0.0111665, 0.610314, 0.0553409, 0.323179], 
              [0.0952993, 0.0353312, 0.869365, 3.71091e-06], 
              [3.71091e-06, 3.71091e-06, 3.71091e-06, 0.999989], 
              [3.71091e-06, 3.71091e-06, 0.999989, 3.71091e-06], 
              [0.87649, 3.71091e-06, 0.0816435, 0.0418631], 
              [3.71091e-06, 0.781728, 3.71091e-06, 0.218264], 
              [0.108125, 0.589355, 0.0660877, 0.236433]
            ],
            "pvalue": 3.3135e-18,
            "corrected_pvalue": 1.71971e-15
          }, {
            "db": 0,
            "id": "MA0827.1",
            "alt": "OLIG3",
            "len": 10,
            "motif_evalue": 0,
            "motif_nsites": 2335,
            "url": "http://jaspar.genereg.net?ID=MA0827.1&rm=present&collection=CORE",
            "pwm": [
              [0.715036, 0.0761946, 0.159457, 0.0493125], 
              [0.37575, 0.523691, 0.0977143, 0.00284446], 
              [0.103754, 0.894791, 2.67637e-05, 0.00142861], 
              [0.9359, 0.00491424, 0.0484086, 0.0107786], 
              [2.67637e-05, 0.0129414, 0.0357909, 0.951241], 
              [0.943741, 0.0507853, 0.00544718, 2.67637e-05], 
              [0.025513, 0.101973, 0.000936666, 0.871576], 
              [0.00184657, 0.00184657, 0.87118, 0.125127], 
              [0.0107786, 0.254224, 0.347148, 0.38785], 
              [0.0798372, 0.290357, 0.0530331, 0.576772]
            ],
            "pvalue": 1.28469e-17,
            "corrected_pvalue": 6.66755e-15
          }, {
            "db": 0,
            "id": "MA0669.1",
            "alt": "NEUROG2",
            "len": 10,
            "motif_evalue": 0,
            "motif_nsites": 486,
            "url": "http://jaspar.genereg.net?ID=MA0669.1&rm=present&collection=CORE",
            "pwm": [
              [0.574599, 0.00479913, 0.420473, 0.000128535], 
              [0.664374, 0.234017, 0.10148, 0.000128535], 
              [0.00244234, 0.985733, 0.000128535, 0.0116966], 
              [0.992625, 0.000128535, 0.00711794, 0.000128535], 
              [0.00891501, 0.0111119, 0.0440619, 0.935911], 
              [0.970017, 0.0183422, 0.0115127, 0.000128535], 
              [0.0116436, 0.00703698, 0.000128535, 0.981191], 
              [0.000128535, 0.000128535, 0.999614, 0.000128535], 
              [0.00414747, 0.227893, 0.197078, 0.570881], 
              [0.000128535, 0.720415, 0.000128535, 0.279328]
            ],
            "pvalue": 5.09014e-17,
            "corrected_pvalue": 2.64178e-14
          }, {
            "db": 0,
            "id": "MA0500.1",
            "alt": "Myog",
            "len": 11,
            "motif_evalue": 0,
            "motif_nsites": 19356,
            "url": "http://jaspar.genereg.net?ID=MA0500.1&rm=present&collection=CORE",
            "pwm": [
              [0.404937, 0.148275, 0.446784, 3.22893e-06], 
              [0.597847, 0.017104, 0.385047, 3.22893e-06], 
              [3.22893e-06, 0.99999, 3.22893e-06, 3.22893e-06], 
              [0.99999, 3.22893e-06, 3.22893e-06, 3.22893e-06], 
              [3.22893e-06, 3.22893e-06, 0.99999, 3.22893e-06], 
              [0.00346418, 0.840093, 0.156438, 3.22893e-06], 
              [3.22893e-06, 3.22893e-06, 3.22893e-06, 0.99999], 
              [3.22893e-06, 3.22893e-06, 0.99999, 3.22893e-06], 
              [0.146312, 0.440378, 0.303832, 0.109477], 
              [0.276038, 0.194463, 0.266997, 0.262503], 
              [0.21022, 0.246435, 0.388456, 0.154888]
            ],
            "pvalue": 2.65164e-16,
            "corrected_pvalue": 1.3762e-13
          }, {
            "db": 0,
            "id": "MA0698.1",
            "alt": "ZBTB18",
            "len": 13,
            "motif_evalue": 0,
            "motif_nsites": 14975,
            "url": "http://jaspar.genereg.net?ID=MA0698.1&rm=present&collection=CORE",
            "pwm": [
              [0.260478, 0.306341, 0.182797, 0.250384], 
              [0.51671, 0.0550833, 0.18543, 0.242777], 
              [0.0535133, 0.0880637, 0.236952, 0.621471], 
              [0.187978, 0.710233, 0.0986675, 0.00312112], 
              [0.00153715, 0.997653, 0.00022317, 0.000588164], 
              [0.982452, 0.000363168, 0.00237613, 0.0148089], 
              [0.00021917, 0.0175999, 0.981746, 0.000435166], 
              [0.893862, 0.068531, 0.0181819, 0.0194248], 
              [0.00101916, 0.00109216, 0.00681906, 0.99107], 
              [0.00022317, 7.71723e-05, 0.999621, 7.71723e-05], 
              [0.00341612, 0.0223238, 0.00256313, 0.971697], 
              [0.0149429, 0.012596, 0.393396, 0.579066], 
              [0.126191, 0.295683, 0.28354, 0.294586]
            ],
            "pvalue": 3.10382e-16,
            "corrected_pvalue": 1.61088e-13
          }, {
            "db": 0,
            "id": "MA0499.1",
            "alt": "Myod1",
            "len": 13,
            "motif_evalue": 0,
            "motif_nsites": 24514,
            "url": "http://jaspar.genereg.net?ID=MA0499.1&rm=present&collection=CORE",
            "pwm": [
              [0.279922, 0.227992, 0.204087, 0.287999], 
              [0.168966, 0.265685, 0.448721, 0.116628], 
              [2.54954e-06, 0.999992, 2.54954e-06, 2.54954e-06], 
              [0.993424, 2.54954e-06, 2.54954e-06, 0.00657048], 
              [2.54954e-06, 0.262014, 0.737206, 0.000777542], 
              [2.54954e-06, 0.999992, 2.54954e-06, 2.54954e-06], 
              [2.54954e-06, 2.54954e-06, 2.54954e-06, 0.999992], 
              [2.54954e-06, 2.54954e-06, 0.999992, 2.54954e-06], 
              [0.000369546, 0.370685, 0.0266813, 0.602264], 
              [0.000655543, 0.449129, 0.118505, 0.43171], 
              [0.239088, 0.309659, 0.242514, 0.208738], 
              [0.0780388, 0.474094, 0.176186, 0.271681], 
              [0.168435, 0.312351, 0.180429, 0.338785]
            ],
            "pvalue": 5.98634e-16,
            "corrected_pvalue": 3.10691e-13
          }, {
            "db": 0,
            "id": "MA0826.1",
            "alt": "OLIG1",
            "len": 10,
            "motif_evalue": 0,
            "motif_nsites": 12041,
            "url": "http://jaspar.genereg.net?ID=MA0826.1&rm=present&collection=CORE",
            "pwm": [
              [0.852479, 0.0179658, 0.114207, 0.0153469], 
              [0.520531, 0.363523, 0.115941, 5.19049e-06], 
              [0.0045491, 0.995441, 5.19049e-06, 5.19049e-06], 
              [0.981037, 9.11887e-05, 0.0119759, 0.00689505], 
              [0.00104617, 0.00130616, 0.00980499, 0.987844], 
              [0.990679, 0.00696305, 0.00148416, 0.000875172], 
              [0.0165848, 0.0148849, 5.19049e-06, 0.968525], 
              [5.19049e-06, 5.19049e-06, 0.993531, 0.00645906], 
              [0.00105817, 0.182761, 0.40098, 0.415201], 
              [0.0327805, 0.188095, 0.0171958, 0.761929]
            ],
            "pvalue": 2.37861e-15,
            "corrected_pvalue": 1.2345e-12
          }, {
            "db": 0,
            "id": "MA0048.2",
            "alt": "NHLH1",
            "len": 10,
            "motif_evalue": 0,
            "motif_nsites": 2746,
            "url": "http://jaspar.genereg.net?ID=MA0048.2&rm=present&collection=CORE",
            "pwm": [
              [0.242761, 0.667245, 0.0557787, 0.0342156], 
              [0.156386, 0.0607362, 0.734691, 0.0481864], 
              [0.00140563, 0.998549, 2.27583e-05, 2.27583e-05], 
              [0.998089, 0.00140463, 0.000483716, 2.27583e-05], 
              [2.27583e-05, 0.116633, 0.839156, 0.0441877], 
              [0.0402541, 0.907735, 0.051988, 2.27583e-05], 
              [2.27583e-05, 0.00186259, 0.00186259, 0.996252], 
              [0.000942675, 0.00186359, 0.996711, 0.000482716], 
              [0.101593, 0.743263, 0.0350226, 0.120122], 
              [0.0655628, 0.156637, 0.46093, 0.31687]
            ],
            "pvalue": 2.93349e-15,
            "corrected_pvalue": 1.52248e-12
          }, {
            "db": 0,
            "id": "MA0139.1",
            "alt": "CTCF",
            "len": 19,
            "motif_evalue": 0,
            "motif_nsites": 911,
            "url": "http://jaspar.genereg.net?ID=MA0139.1&rm=present&collection=CORE",
            "pwm": [
              [0.0953324, 0.31871, 0.0832877, 0.502669], 
              [0.182931, 0.158842, 0.453394, 0.204831], 
              [0.307761, 0.0537229, 0.491719, 0.146797], 
              [0.0613878, 0.87606, 0.0230633, 0.0394878], 
              [0.00882818, 0.988844, 6.85871e-05, 0.00225899], 
              [0.814741, 0.0143037, 0.0712431, 0.0997122], 
              [0.0438686, 0.578223, 0.365795, 0.0121133], 
              [0.117361, 0.474719, 0.0526861, 0.355234], 
              [0.932927, 0.0121263, 0.035147, 0.0198002], 
              [0.00555508, 6.85871e-05, 0.991015, 0.00336068], 
              [0.3655, 0.00336068, 0.621193, 0.00994488], 
              [0.0593283, 0.013237, 0.553155, 0.37428], 
              [0.013252, 6.85871e-05, 0.977822, 0.00885718], 
              [0.0615897, 0.00885718, 0.851483, 0.0780692], 
              [0.114448, 0.806228, 0.00556808, 0.0737554], 
              [0.409197, 0.0143657, 0.557672, 0.0187655], 
              [0.0903518, 0.53076, 0.338082, 0.0408064], 
              [0.128888, 0.354597, 0.0804425, 0.436072], 
              [0.442678, 0.199353, 0.29294, 0.0650288]
            ],
            "pvalue": 5.23537e-15,
            "corrected_pvalue": 2.71716e-12
          }, {
            "db": 0,
            "id": "MA0775.1",
            "alt": "MEIS3",
            "len": 8,
            "motif_evalue": 0,
            "motif_nsites": 8185,
            "url": "http://jaspar.genereg.net?ID=MA0775.1&rm=present&collection=CORE",
            "pwm": [
              [0.260433, 0.00838138, 0.249546, 0.48164], 
              [0.0562129, 0.0463012, 0.0314347, 0.866051], 
              [7.63569e-06, 0.00084461, 0.99914, 7.63569e-06], 
              [0.931345, 0.00260756, 0.0591508, 0.00689643], 
              [0.00718342, 0.970057, 0.0010906, 0.02167], 
              [0.920221, 0.0010346, 0.0601138, 0.0186301], 
              [0.131644, 0.147144, 0.5581, 0.163113], 
              [0.133989, 0.326865, 0.403065, 0.136081]
            ],
            "pvalue": 7.12021e-15,
            "corrected_pvalue": 3.69539e-12
          }, {
            "db": 0,
            "id": "MA0521.1",
            "alt": "Tcf12",
            "len": 11,
            "motif_evalue": 0,
            "motif_nsites": 12895,
            "url": "http://jaspar.genereg.net?ID=MA0521.1&rm=present&collection=CORE",
            "pwm": [
              [0.478476, 0.122918, 0.397283, 0.00132282], 
              [0.683978, 0.00962066, 0.306397, 4.84675e-06], 
              [4.84675e-06, 0.999985, 4.84675e-06, 4.84675e-06], 
              [0.999985, 4.84675e-06, 4.84675e-06, 4.84675e-06], 
              [0.000624835, 4.84675e-06, 0.999365, 4.84675e-06], 
              [0.0142736, 0.839229, 0.146493, 4.84675e-06], 
              [4.84675e-06, 4.84675e-06, 4.84675e-06, 0.999985], 
              [4.84675e-06, 4.84675e-06, 0.999985, 4.84675e-06], 
              [0.145407, 0.428613, 0.29554, 0.13044], 
              [0.303372, 0.18736, 0.226832, 0.282434], 
              [0.222025, 0.233036, 0.375027, 0.169913]
            ],
            "pvalue": 1.37525e-14,
            "corrected_pvalue": 7.13755e-12
          }, {
            "db": 0,
            "id": "MA0691.1",
            "alt": "TFAP4",
            "len": 10,
            "motif_evalue": 0,
            "motif_nsites": 3795,
            "url": "http://jaspar.genereg.net?ID=MA0691.1&rm=present&collection=CORE",
            "pwm": [
              [0.762667, 0.111417, 0.0751005, 0.0508151], 
              [0.53558, 0.135458, 0.0153965, 0.313566], 
              [1.6468e-05, 0.999951, 1.6468e-05, 1.6468e-05], 
              [0.999367, 0.000600429, 1.6468e-05, 1.6468e-05], 
              [0.000584431, 0.0241349, 0.971291, 0.00398921], 
              [0.00601807, 0.978232, 0.0140195, 0.00173135], 
              [0.000308449, 0.000308449, 1.6468e-05, 0.999367], 
              [1.6468e-05, 0.000308449, 0.999659, 1.6468e-05], 
              [0.467686, 0.0294715, 0.0860578, 0.416785], 
              [0.0618274, 0.141003, 0.0895286, 0.70764]
            ],
            "pvalue": 1.65186e-14,
            "corrected_pvalue": 8.57316e-12
          }, {
            "db": 0,
            "id": "MA0522.2",
            "alt": "TCF3",
            "len": 10,
            "motif_evalue": 0,
            "motif_nsites": 8019,
            "url": "http://jaspar.genereg.net?ID=MA0522.2&rm=present&collection=CORE",
            "pwm": [
              [0.361966, 0.272213, 0.130021, 0.235799], 
              [0.438896, 0.169384, 0.364402, 0.0273179], 
              [7.79375e-06, 0.999977, 7.79375e-06, 7.79375e-06], 
              [0.996909, 0.000646774, 7.79375e-06, 0.00243672], 
              [7.79375e-06, 0.832586, 0.133558, 0.0338487], 
              [7.79375e-06, 0.94371, 0.056274, 7.79375e-06], 
              [0.00546162, 0.00444666, 0.000895766, 0.989196], 
              [0.00344669, 0.00268171, 0.993227, 0.000644774], 
              [0.0324468, 0.386456, 0.253622, 0.327476], 
              [0.264906, 0.178615, 0.268367, 0.288113]
            ],
            "pvalue": 3.1796e-14,
            "corrected_pvalue": 1.65021e-11
          }, {
            "db": 0,
            "id": "MA0796.1",
            "alt": "TGIF1",
            "len": 12,
            "motif_evalue": 0,
            "motif_nsites": 12218,
            "url": "http://jaspar.genereg.net?ID=MA0796.1&rm=present&collection=CORE",
            "pwm": [
              [0.00294206, 0.00143609, 8.01138e-05, 0.995542], 
              [0.000671102, 0.000597103, 0.998432, 0.000301109], 
              [0.997386, 0.000344108, 0.00226507, 5.1153e-06], 
              [8.01138e-05, 0.999009, 0.000380108, 0.000531105], 
              [0.996499, 0.000567104, 0.00247906, 0.000455106], 
              [0.00102909, 0.00146809, 0.927053, 0.0704497], 
              [0.0333724, 0.779703, 0.186034, 0.000891097], 
              [8.31137e-05, 0.00483102, 0.000628103, 0.994458], 
              [0.000832098, 0.000983095, 0.997503, 0.000682101], 
              [0.00354104, 0.00189108, 0.00024111, 0.994328], 
              [0.00266206, 0.995115, 0.000964096, 0.00126009], 
              [0.99099, 0.00187008, 0.00351504, 0.00362504]
            ],
            "pvalue": 4.60695e-14,
            "corrected_pvalue": 2.39101e-11
          }, {
            "db": 0,
            "id": "MA0092.1",
            "alt": "Hand1::Tcf3",
            "len": 10,
            "motif_evalue": 0,
            "motif_nsites": 29,
            "url": "http://jaspar.genereg.net?ID=MA0092.1&rm=present&collection=CORE",
            "pwm": [
              [0.138889, 0.275641, 0.344018, 0.241453], 
              [0.344018, 0.00213675, 0.514957, 0.138889], 
              [0.0705133, 0.0705133, 0.036325, 0.822649], 
              [0.00213675, 0.959401, 0.00213675, 0.036325], 
              [0.00213675, 0.00213675, 0.00213675, 0.99359], 
              [0.00213675, 0.00213675, 0.99359, 0.00213675], 
              [0.00213675, 0.104701, 0.856838, 0.036325], 
              [0.309829, 0.48077, 0.036325, 0.173077], 
              [0.549145, 0.00213675, 0.104701, 0.344018], 
              [0.173077, 0.138889, 0.138889, 0.549145]
            ],
            "pvalue": 5.06514e-14,
            "corrected_pvalue": 2.62881e-11
          }, {
            "db": 0,
            "id": "MA0783.1",
            "alt": "PKNOX2",
            "len": 12,
            "motif_evalue": 0,
            "motif_nsites": 1248,
            "url": "http://jaspar.genereg.net?ID=MA0783.1&rm=present&collection=CORE",
            "pwm": [
              [0.0299311, 5.00701e-05, 0.00731861, 0.9627], 
              [0.000765927, 0.00434721, 0.994837, 5.00701e-05], 
              [0.980657, 0.00266755, 0.0113918, 0.00528502], 
              [5.00701e-05, 0.992702, 5.00701e-05, 0.00719764], 
              [0.995592, 5.00701e-05, 0.000901899, 0.00345639], 
              [0.00496808, 5.00701e-05, 0.912024, 0.0829565], 
              [0.0373636, 0.290901, 0.671686, 5.00701e-05], 
              [5.00701e-05, 0.00336041, 5.00701e-05, 0.996539], 
              [0.00223263, 0.000777924, 0.996939, 5.00701e-05], 
              [0.00830642, 0.0239923, 0.00417824, 0.963523], 
              [0.00860836, 0.984289, 0.00471813, 0.0023846], 
              [0.974466, 0.000868906, 0.0172456, 0.00741959]
            ],
            "pvalue": 1.17667e-13,
            "corrected_pvalue": 6.10689e-11
          }, {
            "db": 0,
            "id": "MA0670.1",
            "alt": "NFIA",
            "len": 10,
            "motif_evalue": 0,
            "motif_nsites": 92738,
            "url": "http://jaspar.genereg.net?ID=MA0670.1&rm=present&collection=CORE",
            "pwm": [
              [0.249883, 0.243116, 0.264592, 0.242409], 
              [0.222435, 0.153339, 0.376944, 0.247282], 
              [6.7394e-07, 6.7394e-07, 6.7394e-07, 0.999998], 
              [6.7394e-07, 6.7394e-07, 0.999998, 6.7394e-07], 
              [6.7394e-07, 0.999998, 6.7394e-07, 6.7394e-07], 
              [6.7394e-07, 0.999998, 6.7394e-07, 6.7394e-07], 
              [0.999998, 6.7394e-07, 6.7394e-07, 6.7394e-07], 
              [0.999998, 6.7394e-07, 6.7394e-07, 6.7394e-07], 
              [0.256953, 0.236399, 0.318303, 0.188344], 
              [0.305485, 0.159186, 0.181964, 0.353365]
            ],
            "pvalue": 3.65886e-13,
            "corrected_pvalue": 1.89895e-10
          }, {
            "db": 0,
            "id": "MA0774.1",
            "alt": "MEIS2",
            "len": 8,
            "motif_evalue": 0,
            "motif_nsites": 1560,
            "url": "http://jaspar.genereg.net?ID=MA0774.1&rm=present&collection=CORE",
            "pwm": [
              [0.174595, 0.112987, 0.134379, 0.578039], 
              [0.0217906, 0.00214472, 0.0281056, 0.947958], 
              [4.00577e-05, 4.00577e-05, 0.99988, 4.00577e-05], 
              [0.937433, 0.00212172, 0.0173863, 0.0430592], 
              [0.006632, 0.989625, 4.00577e-05, 0.00370247], 
              [0.991805, 0.00517923, 0.00297659, 4.00577e-05], 
              [0.0519387, 0.0613182, 0.844808, 0.0419343], 
              [0.0983953, 0.439193, 0.407243, 0.0551692]
            ],
            "pvalue": 3.99066e-13,
            "corrected_pvalue": 2.07115e-10
          }, {
            "db": 0,
            "id": "MA0797.1",
            "alt": "TGIF2",
            "len": 12,
            "motif_evalue": 0,
            "motif_nsites": 12707,
            "url": "http://jaspar.genereg.net?ID=MA0797.1&rm=present&collection=CORE",
            "pwm": [
              [0.0371192, 0.0327623, 0.0119097, 0.91821], 
              [0.00808976, 0.00400584, 0.983567, 0.00433883], 
              [0.952755, 0.00274986, 0.0319763, 0.0125187], 
              [0.0104707, 0.972462, 0.00420784, 0.0128597], 
              [0.972302, 0.00206488, 0.0222505, 0.00338285], 
              [0.0214945, 0.0173816, 0.782705, 0.178418], 
              [0.112085, 0.556968, 0.324148, 0.00679978], 
              [0.00575881, 0.0332323, 0.00462383, 0.956384], 
              [0.0123897, 0.00636279, 0.974389, 0.00685778], 
              [0.045721, 0.047243, 0.00936073, 0.897675], 
              [0.0057808, 0.973666, 0.0112257, 0.00932774], 
              [0.922805, 0.0134547, 0.0308923, 0.0328473]
            ],
            "pvalue": 4.56962e-13,
            "corrected_pvalue": 2.37163e-10
          }, {
            "db": 0,
            "id": "MA0498.2",
            "alt": "MEIS1",
            "len": 7,
            "motif_evalue": 0,
            "motif_nsites": 82379,
            "url": "http://jaspar.genereg.net?ID=MA0498.2&rm=present&collection=CORE",
            "pwm": [
              [0.307508, 0.243614, 0.125896, 0.322982], 
              [0.0918625, 0.0589346, 0.0335537, 0.815649], 
              [7.58686e-07, 0.0159297, 0.984069, 7.58686e-07], 
              [0.955717, 0.0359586, 0.00832473, 7.58686e-07], 
              [7.58686e-07, 0.98525, 7.58686e-07, 0.0147487], 
              [0.854633, 7.58686e-07, 0.1026, 0.0427666], 
              [0.223227, 0.192641, 0.388354, 0.195778]
            ],
            "pvalue": 5.25272e-13,
            "corrected_pvalue": 2.72616e-10
          }, {
            "db": 0,
            "id": "MA0816.1",
            "alt": "Ascl2",
            "len": 10,
            "motif_evalue": 0,
            "motif_nsites": 326,
            "url": "http://jaspar.genereg.net?ID=MA0816.1&rm=present&collection=CORE",
            "pwm": [
              [0.672971, 0.102386, 0.179031, 0.0456117], 
              [0.374174, 0.119983, 0.50273, 0.00311333], 
              [0.010052, 0.986277, 0.000191571, 0.00347805], 
              [0.951843, 0.000191571, 0.000191571, 0.0477741], 
              [0.0202912, 0.0662329, 0.8616, 0.0518759], 
              [0.00998806, 0.979832, 0.00672256, 0.00345707], 
              [0.0133395, 0.000191571, 0.000191571, 0.986277], 
              [0.000191571, 0.00348904, 0.989532, 0.00678751], 
              [0.0188692, 0.641445, 0.0468848, 0.292802], 
              [0.0940426, 0.278984, 0.0774803, 0.549494]
            ],
            "pvalue": 8.96398e-13,
            "corrected_pvalue": 4.65231e-10
          }, {
            "db": 0,
            "id": "MA0830.1",
            "alt": "TCF4",
            "len": 10,
            "motif_evalue": 0,
            "motif_nsites": 20764,
            "url": "http://jaspar.genereg.net?ID=MA0830.1&rm=present&collection=CORE",
            "pwm": [
              [0.232997, 0.407374, 0.104649, 0.254979], 
              [0.384636, 0.121216, 0.474033, 0.0201148], 
              [0.000298006, 0.999058, 3.00998e-06, 0.000642002], 
              [0.999991, 3.00998e-06, 3.00998e-06, 3.00998e-06], 
              [3.00998e-06, 0.84785, 0.0965248, 0.0556223], 
              [0.00269798, 0.97867, 0.0186278, 3.00998e-06], 
              [0.00572394, 3.00998e-06, 3.00998e-06, 0.99427], 
              [0.00132699, 0.000248007, 0.997196, 0.001229], 
              [0.0183948, 0.360756, 0.31099, 0.309859], 
              [0.26088, 0.236636, 0.237915, 0.264568]
            ],
            "pvalue": 2.16981e-12,
            "corrected_pvalue": 1.12613e-09
          }, {
            "db": 0,
            "id": "MA0782.1",
            "alt": "PKNOX1",
            "len": 12,
            "motif_evalue": 0,
            "motif_nsites": 19117,
            "url": "http://jaspar.genereg.net?ID=MA0782.1&rm=present&collection=CORE",
            "pwm": [
              [0.00479721, 0.0119371, 0.00372622, 0.979539], 
              [0.00103926, 0.00428421, 0.994087, 0.000589262], 
              [0.990122, 0.000343265, 0.00828316, 0.00125125], 
              [0.000610261, 0.998942, 3.2693e-06, 0.000444264], 
              [0.997296, 0.000171267, 0.00213624, 0.000396264], 
              [0.000991256, 0.000317265, 0.945486, 0.0532056], 
              [0.0557305, 0.45483, 0.488129, 0.00131025], 
              [0.000262266, 0.00181625, 0.000832258, 0.997089], 
              [0.0156391, 0.000580262, 0.98351, 0.000270266], 
              [0.0100311, 0.0053062, 0.000476263, 0.984186], 
              [0.00105526, 0.994397, 0.00382422, 0.00072326], 
              [0.963316, 0.00311823, 0.0105521, 0.023013]
            ],
            "pvalue": 4.31048e-12,
            "corrected_pvalue": 2.23714e-09
          }, {
            "db": 0,
            "id": "MA0738.1",
            "alt": "HIC2",
            "len": 9,
            "motif_evalue": 0,
            "motif_nsites": 5159,
            "url": "http://jaspar.genereg.net?ID=MA0738.1&rm=present&collection=CORE",
            "pwm": [
              [0.461066, 0.0697187, 0.404275, 0.064942], 
              [1.21142e-05, 0.023374, 1.21142e-05, 0.976602], 
              [0.0838791, 0.0601112, 0.830362, 0.0256479], 
              [0.00467889, 0.992456, 0.00285298, 1.21142e-05], 
              [0.0807882, 0.908232, 1.21142e-05, 0.0109676], 
              [0.299732, 0.700244, 1.21142e-05, 1.21142e-05], 
              [0.509595, 0.14514, 0.263695, 0.0815702], 
              [0.157436, 0.449796, 0.252914, 0.139854], 
              [0.155392, 0.354115, 0.204664, 0.285829]
            ],
            "pvalue": 1.75417e-11,
            "corrected_pvalue": 9.10416e-09
          }, {
            "db": 0,
            "id": "MA0665.1",
            "alt": "MSC",
            "len": 10,
            "motif_evalue": 0,
            "motif_nsites": 78,
            "url": "http://jaspar.genereg.net?ID=MA0665.1&rm=present&collection=CORE",
            "pwm": [
              [0.732497, 0.000798722, 0.191676, 0.0750288], 
              [0.819603, 0.143199, 0.0363986, 0.000798722], 
              [0.000798722, 0.942984, 0.0417634, 0.014454], 
              [0.997604, 0.000798722, 0.000798722, 0.000798722], 
              [0.000798722, 0.148473, 0.849929, 0.000798722], 
              [0.000798722, 0.95607, 0.0423326, 0.000798722], 
              [0.000798722, 0.000798722, 0.000798722, 0.997604], 
              [0.000798722, 0.000798722, 0.942984, 0.0554187], 
              [0.0355713, 0.116706, 0.0471621, 0.800561], 
              [0.000798722, 0.110204, 0.0494229, 0.839573]
            ],
            "pvalue": 2.7922e-11,
            "corrected_pvalue": 1.44915e-08
          }, {
            "db": 0,
            "id": "MA0839.1",
            "alt": "CREB3L1",
            "len": 14,
            "motif_evalue": 0,
            "motif_nsites": 762,
            "url": "http://jaspar.genereg.net?ID=MA0839.1&rm=present&collection=CORE",
            "pwm": [
              [0.368068, 0.213127, 0.269741, 0.149064], 
              [0.0424311, 0.177282, 0.0324014, 0.747886], 
              [0.0281628, 0.00429361, 0.942189, 0.0253547], 
              [0.0831607, 0.913951, 8.19941e-05, 0.0028061], 
              [0.00449855, 0.987976, 8.19941e-05, 0.00744358], 
              [0.995304, 8.19941e-05, 0.00453153, 8.19941e-05], 
              [8.19941e-05, 0.995304, 0.00453153, 8.19941e-05], 
              [0.0302881, 0.00439758, 0.965233, 8.19941e-05], 
              [0.0103576, 8.19941e-05, 0.00448555, 0.985075], 
              [0.14374, 0.796733, 0.0475724, 0.0119541], 
              [0.823125, 0.0405597, 0.088397, 0.0479193], 
              [0.0894717, 0.277189, 0.18631, 0.447029], 
              [0.085447, 0.753768, 0.0719684, 0.0888169], 
              [0.651324, 0.0631683, 0.162165, 0.123343]
            ],
            "pvalue": 5.33497e-10,
            "corrected_pvalue": 2.76885e-07
          }, {
            "db": 0,
            "id": "MA0824.1",
            "alt": "ID4",
            "len": 10,
            "motif_evalue": 0,
            "motif_nsites": 1551,
