<!DOCTYPE HTML>
<html>
  <head>
    <meta charset="UTF-8">
    <title>AME results</title>
    <script type="text/javascript">
      //@JSON_VAR data
      var data = {
        "version": "4.12.0",
        "revision": "aacc9c3eb8c7b460b344d5c8aa1458097dae704d",
        "release": "Tue Jun 27 16:22:50 2017 -0700",
        "cmd": [
          "/home/meme/meme_4.12.0/bin/ame", "--verbose", "1", "--oc", ".",
          "--control",
          "shuffled_extracted_positive.positive.WinSize_22.MaskSize_22.fa",
          "--bgformat", "1", "--scoring", "avg", "--method", "ranksum",
          "--pvalue-report-threshold", "0.05",
          "extracted_positive.positive.WinSize_22.MaskSize_22.fa",
          "db/JASPAR/JASPAR_CORE_2016_vertebrates.meme"
        ],
        "options": {
          "scoring": "avg_odds",
          "rs_method": "quick",
          "positive_list": "FASTA",
          "pvalue_method": "Wilcoxon rank-sum test",
          "pseudocount": 0.25,
          "fisher_pwm_threshold": 1,
          "fisher_fasta_threshold": 0.001,
          "pvalue_threshold": 0.0002,
          "pvalue_report_threshold": 0.05,
          "length_correction": false,
          "log_fscores": false,
          "log_pwmscores": false,
          "linreg_normalise": false,
          "linreg_switchxy": true,
          "fix_partition": true,
          "partition": "number of primary sequences"
        },
        "motif_dbs": [
          {
            "source": "db/JASPAR/JASPAR_CORE_2016_vertebrates.meme",
            "count": 519
          }
        ],
        "alphabet": {
          "name": "DNA",
          "like": "dna",
          "ncore": 4,
          "symbols": [
            {
              "symbol": "A",
              "name": "Adenine",
              "colour": "CC0000",
              "complement": "T"
            }, {
              "symbol": "C",
              "name": "Cytosine",
              "colour": "0000CC",
              "complement": "G"
            }, {
              "symbol": "G",
              "name": "Guanine",
              "colour": "FFB300",
              "complement": "C"
            }, {
              "symbol": "T",
              "aliases": "U",
              "name": "Thymine",
              "colour": "008000",
              "complement": "A"
            }, {
              "symbol": "N",
              "aliases": "X.",
              "name": "Any base",
              "equals": "ACGT"
            }, {
              "symbol": "V",
              "name": "Not T",
              "equals": "ACG"
            }, {
              "symbol": "H",
              "name": "Not G",
              "equals": "ACT"
            }, {
              "symbol": "D",
              "name": "Not C",
              "equals": "AGT"
            }, {
              "symbol": "B",
              "name": "Not A",
              "equals": "CGT"
            }, {
              "symbol": "M",
              "name": "Amino",
              "equals": "AC"
            }, {
              "symbol": "R",
              "name": "Purine",
              "equals": "AG"
            }, {
              "symbol": "W",
              "name": "Weak",
              "equals": "AT"
            }, {
              "symbol": "S",
              "name": "Strong",
              "equals": "CG"
            }, {
              "symbol": "Y",
              "name": "Pyrimidine",
              "equals": "CT"
            }, {
              "symbol": "K",
              "name": "Keto",
              "equals": "GT"
            }
          ]
        },
        "background": {
          "source": "motif",
          "frequencies": [0.25, 0.25, 0.25, 0.25]
        },
        "sequence_db": {
          "source": "extracted_positive.positive.WinSize_22.MaskSize_22.fa",
          "count": 979
        },
        "control_db": {
          "source": "shuffled_extracted_positive.positive.WinSize_22.MaskSize_22.fa",
          "count": 979
        },
        "min_sequence_score": 5.9323e-34,
        "max_sequence_score": 809573,
        "max_median_sequence_score": 1.62,
        "motifs": [
          {
            "db": 0,
            "id": "MA0597.1",
            "alt": "THAP1",
            "len": 9,
            "motif_evalue": 0,
            "motif_nsites": 199,
            "url": "http://jaspar.genereg.net?ID=MA0597.1&rm=present&collection=CORE",
            "pwm": [
              [0.0906522, 0.467064, 0.135821, 0.306462], 
              [0.0755961, 0.236198, 0.06054, 0.627667], 
              [0.100691, 0.000313676, 0.687892, 0.211104], 
              [0.0354455, 0.913739, 0.000313676, 0.0505016], 
              [0.0153698, 0.978983, 0.000313676, 0.00533237], 
              [0.291405, 0.682873, 0.00533237, 0.0203895], 
              [0.236198, 0.0856335, 0.386763, 0.291405], 
              [0.150879, 0.35665, 0.206085, 0.286386], 
              [0.582497, 0.170953, 0.0856335, 0.160916]
            ],
            "pvalue": 1.65809e-40,
            "corrected_pvalue": 8.60548e-38
          }, {
            "db": 0,
            "id": "MA0024.3",
            "alt": "E2F1",
            "len": 12,
            "motif_evalue": 0,
            "motif_nsites": 875,
            "url": "http://jaspar.genereg.net?ID=MA0024.3&rm=present&collection=CORE",
            "pwm": [
              [0.248289, 0.112453, 0.0870456, 0.552211], 
              [0.235126, 0.0449366, 0.0976045, 0.622333], 
              [0.204737, 0.0354943, 0.142748, 0.617021], 
              [0.0533102, 0.0700714, 0.875561, 0.00105713], 
              [7.14082e-05, 0.0326491, 0.967208, 7.14082e-05], 
              [7.14082e-05, 0.996459, 7.14082e-05, 0.00339846], 
              [7.14082e-05, 0.00106113, 0.998796, 7.14082e-05], 
              [0.00336547, 0.968494, 0.0280704, 7.14082e-05], 
              [7.14082e-05, 0.857182, 0.0684029, 0.0743442], 
              [0.628189, 0.205049, 0.0240456, 0.142717], 
              [0.614354, 0.0964299, 0.0699314, 0.219286], 
              [0.558236, 0.0668703, 0.126875, 0.248019]
            ],
            "pvalue": 4.1714e-35,
            "corrected_pvalue": 2.16496e-32
          }, {
            "db": 0,
            "id": "MA0739.1",
            "alt": "Hic1",
            "len": 9,
            "motif_evalue": 0,
            "motif_nsites": 11971,
            "url": "http://jaspar.genereg.net?ID=MA0739.1&rm=present&collection=CORE",
            "pwm": [
              [0.511373, 0.058025, 0.376853, 0.0537481], 
              [0.00536611, 0.0364975, 0.00631809, 0.951818], 
              [0.0746427, 0.0462013, 0.864773, 0.0143829], 
              [0.00447813, 0.984687, 0.01083, 5.22084e-06], 
              [0.00786606, 0.98328, 0.00277416, 0.00608009], 
              [0.795257, 0.176483, 0.000270215, 0.0279906], 
              [0.557821, 0.180432, 0.205961, 0.0557871], 
              [0.0795136, 0.717339, 0.106168, 0.0969792], 
              [0.146259, 0.438041, 0.17115, 0.244549]
            ],
            "pvalue": 1.93528e-31,
            "corrected_pvalue": 1.00441e-28
          }, {
            "db": 0,
            "id": "MA0749.1",
            "alt": "ZBED1",
            "len": 13,
            "motif_evalue": 0,
            "motif_nsites": 5639,
            "url": "http://jaspar.genereg.net?ID=MA0749.1&rm=present&collection=CORE",
            "pwm": [
              [0.227507, 0.515576, 0.11662, 0.140297], 
              [0.0755217, 0.00377792, 0.00959966, 0.911101], 
              [0.647815, 0.00254097, 0.348284, 0.00136002], 
              [0.00109703, 0.00145902, 1.1083e-05, 0.997433], 
              [1.1083e-05, 0.99552, 0.00112303, 0.00334594], 
              [0.0207922, 0.000502061, 0.978368, 0.000338069], 
              [0.000742051, 0.979131, 1.1083e-05, 0.0201162], 
              [0.000675054, 0.000675054, 0.998638, 1.1083e-05], 
              [0.99604, 0.00169401, 0.00225498, 1.1083e-05], 
              [0.00116503, 0.832506, 1.1083e-05, 0.166318], 
              [0.969643, 0.00203299, 0.001849, 0.0264759], 
              [0.0194152, 0.0449031, 0.10443, 0.831252], 
              [0.531382, 0.045951, 0.319207, 0.10346]
            ],
            "pvalue": 3.47908e-29,
            "corrected_pvalue": 1.80564e-26
          }, {
            "db": 0,
            "id": "MA0669.1",
            "alt": "NEUROG2",
            "len": 10,
            "motif_evalue": 0,
            "motif_nsites": 486,
            "url": "http://jaspar.genereg.net?ID=MA0669.1&rm=present&collection=CORE",
            "pwm": [
              [0.574599, 0.00479913, 0.420473, 0.000128535], 
              [0.664374, 0.234017, 0.10148, 0.000128535], 
              [0.00244234, 0.985733, 0.000128535, 0.0116966], 
              [0.992625, 0.000128535, 0.00711794, 0.000128535], 
              [0.00891501, 0.0111119, 0.0440619, 0.935911], 
              [0.970017, 0.0183422, 0.0115127, 0.000128535], 
              [0.0116436, 0.00703698, 0.000128535, 0.981191], 
              [0.000128535, 0.000128535, 0.999614, 0.000128535], 
              [0.00414747, 0.227893, 0.197078, 0.570881], 
              [0.000128535, 0.720415, 0.000128535, 0.279328]
            ],
            "pvalue": 1.15636e-27,
            "corrected_pvalue": 6.00151e-25
          }, {
            "db": 0,
            "id": "MA0091.1",
            "alt": "TAL1::TCF3",
            "len": 12,
            "motif_evalue": 0,
            "motif_nsites": 44,
            "url": "http://jaspar.genereg.net?ID=MA0091.1&rm=present&collection=CORE",
            "pwm": [
              [0.295198, 0.317797, 0.182203, 0.204802], 
              [0.204802, 0.227401, 0.453389, 0.114406], 
              [0.882769, 0.00141243, 0.0692092, 0.0466106], 
              [0.453389, 0.543786, 0.00141243, 0.00141243], 
              [0.00141243, 0.973164, 0.024011, 0.00141243], 
              [0.995763, 0.00141243, 0.00141243, 0.00141243], 
              [0.00141243, 0.024011, 0.25, 0.724577], 
              [0.272599, 0.724577, 0.00141243, 0.00141243], 
              [0.00141243, 0.00141243, 0.00141243, 0.995763], 
              [0.00141243, 0.00141243, 0.973164, 0.024011], 
              [0.00141243, 0.0692092, 0.453389, 0.475989], 
              [0.0918078, 0.0918078, 0.0466106, 0.769774]
            ],
            "pvalue": 2.0429e-27,
            "corrected_pvalue": 1.06027e-24
          }, {
            "db": 0,
            "id": "MA0738.1",
            "alt": "HIC2",
            "len": 9,
            "motif_evalue": 0,
            "motif_nsites": 5159,
            "url": "http://jaspar.genereg.net?ID=MA0738.1&rm=present&collection=CORE",
            "pwm": [
              [0.461066, 0.0697187, 0.404275, 0.064942], 
              [1.21142e-05, 0.023374, 1.21142e-05, 0.976602], 
              [0.0838791, 0.0601112, 0.830362, 0.0256479], 
              [0.00467889, 0.992456, 0.00285298, 1.21142e-05], 
              [0.0807882, 0.908232, 1.21142e-05, 0.0109676], 
              [0.299732, 0.700244, 1.21142e-05, 1.21142e-05], 
              [0.509595, 0.14514, 0.263695, 0.0815702], 
              [0.157436, 0.449796, 0.252914, 0.139854], 
              [0.155392, 0.354115, 0.204664, 0.285829]
            ],
            "pvalue": 8.22293e-26,
            "corrected_pvalue": 4.2677e-23
          }, {
            "db": 0,
            "id": "MA0748.1",
            "alt": "YY2",
            "len": 11,
            "motif_evalue": 0,
            "motif_nsites": 614,
            "url": "http://jaspar.genereg.net?ID=MA0748.1&rm=present&collection=CORE",
            "pwm": [
              [0.245083, 0.161038, 0.427477, 0.166403], 
              [0.354162, 0.127063, 0.161038, 0.357738], 
              [0.0636249, 0.670093, 0.0492427, 0.217039], 
              [0.0150207, 0.926756, 0.0349136, 0.0233093], 
              [0.0317349, 0.0570406, 0.884236, 0.0269898], 
              [0.0210722, 0.976977, 0.00184904, 0.00010175], 
              [0.00010175, 0.990833, 0.00010175, 0.00896314], 
              [0.934504, 0.011803, 0.0151456, 0.0385481], 
              [0.0159403, 0.00010175, 0.00010175, 0.983856], 
              [0.125051, 0.150041, 0.121481, 0.603427], 
              [0.47934, 0.0454733, 0.161738, 0.313449]
            ],
            "pvalue": 2.43394e-25,
            "corrected_pvalue": 1.26322e-22
          }, {
            "db": 0,
            "id": "MA0093.2",
            "alt": "USF1",
            "len": 11,
            "motif_evalue": 0,
            "motif_nsites": 16842,
            "url": "http://jaspar.genereg.net?ID=MA0093.2&rm=present&collection=CORE",
            "pwm": [
              [0.287732, 0.223489, 0.425243, 0.0635348], 
              [0.0874034, 0.442225, 0.177118, 0.293254], 
              [0.00255667, 0.997436, 3.71091e-06, 3.71091e-06], 
              [0.984017, 3.71091e-06, 3.71091e-06, 0.0159755], 
              [0.0111665, 0.610314, 0.0553409, 0.323179], 
              [0.0952993, 0.0353312, 0.869365, 3.71091e-06], 
              [3.71091e-06, 3.71091e-06, 3.71091e-06, 0.999989], 
              [3.71091e-06, 3.71091e-06, 0.999989, 3.71091e-06], 
              [0.87649, 3.71091e-06, 0.0816435, 0.0418631], 
              [3.71091e-06, 0.781728, 3.71091e-06, 0.218264], 
              [0.108125, 0.589355, 0.0660877, 0.236433]
            ],
            "pvalue": 1.51954e-24,
            "corrected_pvalue": 7.88641e-22
          }, {
            "db": 0,
            "id": "MA0163.1",
            "alt": "PLAG1",
            "len": 14,
            "motif_evalue": 0,
            "motif_nsites": 18,
            "url": "http://jaspar.genereg.net?ID=MA0163.1&rm=present&collection=CORE",
            "pwm": [
              [0.00342466, 0.00342466, 0.989726, 0.00342466], 
              [0.167809, 0.00342466, 0.770548, 0.0582196], 
              [0.00342466, 0.00342466, 0.989726, 0.00342466], 
              [0.00342466, 0.00342466, 0.934931, 0.0582196], 
              [0.00342466, 0.770548, 0.222603, 0.00342466], 
              [0.00342466, 0.825342, 0.0582196, 0.113014], 
              [0.222603, 0.55137, 0.0582196, 0.167809], 
              [0.660959, 0.00342466, 0.00342466, 0.332191], 
              [0.606164, 0.277397, 0.113014, 0.00342466], 
              [0.113014, 0.00342466, 0.770548, 0.113014], 
              [0.00342466, 0.00342466, 0.989726, 0.00342466], 
              [0.00342466, 0.00342466, 0.989726, 0.00342466], 
              [0.00342466, 0.00342466, 0.880137, 0.113014], 
              [0.113014, 0.00342466, 0.880137, 0.00342466]
            ],
            "pvalue": 8.78352e-24,
            "corrected_pvalue": 4.55865e-21
          }, {
            "db": 0,
            "id": "MA0471.1",
            "alt": "E2F6",
            "len": 11,
            "motif_evalue": 0,
            "motif_nsites": 2757,
            "url": "http://jaspar.genereg.net?ID=MA0471.1&rm=present&collection=CORE",
            "pwm": [
              [0.294519, 0.029037, 0.509951, 0.166493], 
              [0.160327, 0.147271, 0.692379, 2.26675e-05], 
              [2.26675e-05, 2.26675e-05, 0.999932, 2.26675e-05], 
              [0.243744, 0.708699, 2.26675e-05, 0.0475334], 
              [0.00256144, 2.26675e-05, 0.997393, 2.26675e-05], 
              [2.26675e-05, 2.26675e-05, 0.999932, 2.26675e-05], 
              [0.00727601, 0.0105407, 0.982161, 2.26675e-05], 
              [0.999932, 2.26675e-05, 2.26675e-05, 2.26675e-05], 
              [0.611501, 2.26675e-05, 0.388453, 2.26675e-05], 
              [0.358351, 0.16468, 0.411664, 0.0653047], 
              [0.279649, 0.256074, 0.329699, 0.134577]
            ],
            "pvalue": 1.4578e-23,
            "corrected_pvalue": 7.56597e-21
          }, {
            "db": 0,
            "id": "MA0775.1",
            "alt": "MEIS3",
            "len": 8,
            "motif_evalue": 0,
            "motif_nsites": 8185,
            "url": "http://jaspar.genereg.net?ID=MA0775.1&rm=present&collection=CORE",
            "pwm": [
              [0.260433, 0.00838138, 0.249546, 0.48164], 
              [0.0562129, 0.0463012, 0.0314347, 0.866051], 
              [7.63569e-06, 0.00084461, 0.99914, 7.63569e-06], 
              [0.931345, 0.00260756, 0.0591508, 0.00689643], 
              [0.00718342, 0.970057, 0.0010906, 0.02167], 
              [0.920221, 0.0010346, 0.0601138, 0.0186301], 
              [0.131644, 0.147144, 0.5581, 0.163113], 
              [0.133989, 0.326865, 0.403065, 0.136081]
            ],
            "pvalue": 8.59898e-23,
            "corrected_pvalue": 4.46287e-20
          }, {
            "db": 0,
            "id": "MA0758.1",
            "alt": "E2F7",
            "len": 14,
            "motif_evalue": 0,
            "motif_nsites": 962,
            "url": "http://jaspar.genereg.net?ID=MA0758.1&rm=present&collection=CORE",
            "pwm": [
              [0.210836, 0.0684232, 0.17286, 0.547881], 
              [0.0398866, 0.00740105, 0.018928, 0.933784], 
              [6.49519e-05, 0.00317014, 6.49519e-05, 0.9967], 
              [6.49519e-05, 0.00110868, 6.49519e-05, 0.998761], 
              [6.49519e-05, 0.997727, 0.00214341, 6.49519e-05], 
              [6.49519e-05, 0.989509, 0.0103613, 6.49519e-05], 
              [6.49519e-05, 0.999805, 6.49519e-05, 6.49519e-05], 
              [0.00206843, 0.00106669, 0.9968, 6.49519e-05], 
              [6.49519e-05, 0.999805, 6.49519e-05, 6.49519e-05], 
              [6.49519e-05, 0.98172, 0.0171455, 0.00106969], 
              [0.994354, 6.49519e-05, 6.49519e-05, 0.00551654], 
              [0.98917, 0.00112868, 0.00325512, 0.00644629], 
              [0.950039, 0.00227638, 6.49519e-05, 0.0476186], 
              [0.672456, 0.00227638, 0.00227638, 0.32299]
            ],
            "pvalue": 2.76065e-22,
            "corrected_pvalue": 1.43278e-19
          }, {
            "db": 0,
            "id": "MA0608.1",
            "alt": "Creb3l2",
            "len": 9,
            "motif_evalue": 0,
            "motif_nsites": 999,
            "url": "http://jaspar.genereg.net?ID=MA0608.1&rm=present&collection=CORE",
            "pwm": [
              [0.00206405, 0.00206405, 0.745622, 0.25025], 
              [0.25, 0.622907, 0.0010623, 0.126031], 
              [0.0010623, 0.871844, 0.126031, 0.0010623], 
              [0.99681, 0.0010633, 0.0010633, 0.0010633], 
              [0.0010633, 0.99681, 0.0010633, 0.0010633], 
              [0.0010633, 0.0010633, 0.99681, 0.0010633], 
              [0.0010633, 0.0010633, 0.0010633, 0.99681], 
              [0.0010633, 0.14317, 0.854704, 0.0010633], 
              [0.25, 0.00206205, 0.25, 0.497938]
            ],
            "pvalue": 5.97662e-22,
            "corrected_pvalue": 3.10186e-19
          }, {
            "db": 0,
            "id": "MA0527.1",
            "alt": "ZBTB33",
            "len": 15,
            "motif_evalue": 0,
            "motif_nsites": 705,
            "url": "http://jaspar.genereg.net?ID=MA0527.1&rm=present&collection=CORE",
            "pwm": [
              [0.116359, 0.363081, 0.207107, 0.313452], 
              [0.0085966, 0.0936724, 0.0454625, 0.852268], 
              [0.0397905, 0.934509, 0.0156861, 0.0100141], 
              [0.0142676, 0.126285, 0.00717811, 0.852268], 
              [8.86211e-05, 0.999734, 8.86211e-05, 8.86211e-05], 
              [0.049716, 8.86211e-05, 0.945852, 0.00434211], 
              [0.00292462, 0.947271, 8.86211e-05, 0.049716], 
              [8.86211e-05, 8.86211e-05, 0.999734, 8.86211e-05], 
              [0.653758, 0.113523, 0.167405, 0.0653135], 
              [0.0114326, 0.080911, 0.63816, 0.269497], 
              [0.58995, 0.133374, 0.200018, 0.0766575], 
              [0.120613, 0.32905, 0.192928, 0.357409], 
              [0.0270291, 0.465172, 0.06106, 0.446739], 
              [0.112106, 0.20569, 0.154644, 0.527562], 
              [0.127703, 0.330467, 0.37726, 0.164569]
            ],
            "pvalue": 2.30965e-20,
            "corrected_pvalue": 1.19871e-17
          }, {
            "db": 0,
            "id": "MA0871.1",
            "alt": "TFEC",
            "len": 10,
            "motif_evalue": 0,
            "motif_nsites": 97,
            "url": "http://jaspar.genereg.net?ID=MA0871.1&rm=present&collection=CORE",
            "pwm": [
              [0.522554, 0.139819, 0.336985, 0.000642674], 
              [0.159469, 0.153116, 0.216647, 0.470769], 
              [0.0139414, 0.984773, 0.000642674, 0.000642674], 
              [0.984773, 0.000642674, 0.000642674, 0.0139414], 
              [0.0110329, 0.769494, 0.0837614, 0.135712], 
              [0.338901, 0.017989, 0.642466, 0.000642674], 
              [0.0855299, 0.0855299, 0.0430863, 0.785853], 
              [0.000642674, 0.000642674, 0.998072, 0.000642674], 
              [0.690454, 0.140469, 0.140469, 0.0286076], 
              [0.000642674, 0.389115, 0.231626, 0.378616]
            ],
            "pvalue": 1.34288e-18,
            "corrected_pvalue": 6.96954e-16
          }, {
            "db": 0,
            "id": "MA0670.1",
            "alt": "NFIA",
            "len": 10,
            "motif_evalue": 0,
            "motif_nsites": 92738,
            "url": "http://jaspar.genereg.net?ID=MA0670.1&rm=present&collection=CORE",
            "pwm": [
              [0.249883, 0.243116, 0.264592, 0.242409], 
              [0.222435, 0.153339, 0.376944, 0.247282], 
              [6.7394e-07, 6.7394e-07, 6.7394e-07, 0.999998], 
              [6.7394e-07, 6.7394e-07, 0.999998, 6.7394e-07], 
              [6.7394e-07, 0.999998, 6.7394e-07, 6.7394e-07], 
              [6.7394e-07, 0.999998, 6.7394e-07, 6.7394e-07], 
              [0.999998, 6.7394e-07, 6.7394e-07, 6.7394e-07], 
              [0.999998, 6.7394e-07, 6.7394e-07, 6.7394e-07], 
              [0.256953, 0.236399, 0.318303, 0.188344], 
              [0.305485, 0.159186, 0.181964, 0.353365]
            ],
            "pvalue": 1.17744e-17,
            "corrected_pvalue": 6.11091e-15
          }, {
            "db": 0,
            "id": "MA0805.1",
            "alt": "TBX1",
            "len": 8,
            "motif_evalue": 0,
            "motif_nsites": 12909,
            "url": "http://jaspar.genereg.net?ID=MA0805.1&rm=present&collection=CORE",
            "pwm": [
              [0.876301, 0.00830468, 0.0739664, 0.041429], 
              [0.104905, 0.0478149, 0.802289, 0.044991], 
              [4.84149e-06, 4.84149e-06, 0.999985, 4.84149e-06], 
              [0.0022788, 0.0173835, 0.0114546, 0.968883], 
              [4.84149e-06, 0.000423833, 0.999566, 4.84149e-06], 
              [0.0111026, 0.0479129, 0.00852368, 0.932461], 
              [0.0101986, 0.0520608, 0.862615, 0.0751244], 
              [0.99573, 0.00275879, 0.00150681, 4.84149e-06]
            ],
            "pvalue": 1.27327e-17,
            "corrected_pvalue": 6.60825e-15
          }, {
            "db": 0,
            "id": "MA0673.1",
            "alt": "NKX2-8",
            "len": 9,
            "motif_evalue": 0,
            "motif_nsites": 9732,
            "url": "http://jaspar.genereg.net?ID=MA0673.1&rm=present&collection=CORE",
            "pwm": [
              [0.226791, 0.412118, 0.332008, 0.0290847], 
              [0.00649526, 0.793719, 6.42195e-06, 0.199779], 
              [0.885128, 0.0615158, 6.42195e-06, 0.0533491], 
              [0.00161838, 0.985705, 6.42195e-06, 0.0126701], 
              [6.42195e-06, 0.0105232, 6.42195e-06, 0.989464], 
              [0.00195837, 0.271345, 6.42195e-06, 0.72669], 
              [0.202991, 0.264775, 0.500578, 0.0316566], 
              [0.694731, 0.0736815, 0.05648, 0.175107], 
              [0.373041, 0.229387, 0.302849, 0.094725]
            ],
            "pvalue": 2.24976e-17,
            "corrected_pvalue": 1.16762e-14
          }, {
            "db": 0,
            "id": "MA0806.1",
            "alt": "TBX4",
            "len": 8,
            "motif_evalue": 0,
            "motif_nsites": 23130,
            "url": "http://jaspar.genereg.net?ID=MA0806.1&rm=present&collection=CORE",
            "pwm": [
              [0.820717, 0.0192375, 0.103572, 0.0564751], 
              [0.122215, 0.0923167, 0.739387, 0.0460802], 
              [0.00201268, 0.00999959, 0.98624, 0.00174768], 
              [2.70209e-06, 0.0802718, 0.0093286, 0.910398], 
              [2.70209e-06, 2.70209e-06, 0.999992, 2.70209e-06], 
              [0.066398, 0.12239, 0.0130166, 0.798196], 
              [0.0401133, 0.159736, 0.551964, 0.248187], 
              [0.850167, 0.0268124, 0.0790188, 0.0440022]
            ],
            "pvalue": 2.84232e-17,
            "corrected_pvalue": 1.47516e-14
          }, {
            "db": 0,
            "id": "MA0690.1",
            "alt": "TBX21",
            "len": 10,
            "motif_evalue": 0,
            "motif_nsites": 4919,
            "url": "http://jaspar.genereg.net?ID=MA0690.1&rm=present&collection=CORE",
            "pwm": [
              [0.528434, 0.0598637, 0.213247, 0.198455], 
              [0.891448, 0.0060974, 0.072828, 0.0296262], 
              [0.108441, 0.0423566, 0.778676, 0.0705261], 
              [0.000462682, 0.00383551, 0.988269, 0.00743333], 
              [0.00131764, 0.0391667, 0.00349353, 0.956022], 
              [0.000239694, 1.27052e-05, 0.99928, 0.000467682], 
              [0.0374228, 0.0669453, 0.00688836, 0.888745], 
              [0.0161249, 0.0253894, 0.885164, 0.073322], 
              [0.99139, 1.27052e-05, 0.00858427, 1.27052e-05], 
              [0.682431, 0.0684872, 0.0492342, 0.199848]
            ],
            "pvalue": 4.53885e-17,
            "corrected_pvalue": 2.35566e-14
          }, {
            "db": 0,
            "id": "MA0656.1",
            "alt": "JDP2(var.2)",
            "len": 12,
            "motif_evalue": 0,
            "motif_nsites": 25102,
            "url": "http://jaspar.genereg.net?ID=MA0656.1&rm=present&collection=CORE",
            "pwm": [
              [0.174577, 0.224695, 0.452256, 0.148472], 
              [0.89908, 0.048598, 0.051693, 0.000628484], 
              [0.000125489, 0.000371486, 0.000125489, 0.999379], 
              [0.000419486, 2.48982e-06, 0.925998, 0.0735798], 
              [0.999215, 0.000289487, 0.000248487, 0.000248487], 
              [0.000204488, 0.985893, 0.000244487, 0.0136574], 
              [0.0234853, 0.000202488, 0.97623, 8.2489e-05], 
              [0.000616484, 0.00098448, 0.000288487, 0.998112], 
              [0.0678648, 0.931939, 0.000155488, 4.04894e-05], 
              [0.999215, 0.000411486, 0.000371486, 2.48982e-06], 
              [0.00186147, 0.479313, 0.0330272, 0.485799], 
              [0.179617, 0.496556, 0.169004, 0.154824]
            ],
            "pvalue": 3.83336e-16,
            "corrected_pvalue": 1.98951e-13
          }, {
            "db": 0,
            "id": "MA0803.1",
            "alt": "TBX15",
            "len": 8,
            "motif_evalue": 0,
            "motif_nsites": 11106,
            "url": "http://jaspar.genereg.net?ID=MA0803.1&rm=present&collection=CORE",
            "pwm": [
              [0.925108, 0.00652448, 0.0584963, 0.00987141], 
              [0.0410297, 0.00905242, 0.940686, 0.00923142], 
              [0.00181059, 0.000670612, 0.997513, 5.62746e-06], 
              [0.0055595, 0.0159393, 0.0223121, 0.956189], 
              [5.62746e-06, 0.00076661, 0.999222, 5.62746e-06], 
              [0.0122854, 0.0381598, 0.028424, 0.921132], 
              [0.00369154, 0.0380378, 0.879772, 0.0784989], 
              [0.956886, 0.00647448, 0.027887, 0.00875243]
            ],
            "pvalue": 4.64773e-16,
            "corrected_pvalue": 2.41217e-13
          }, {
            "db": 0,
            "id": "MA0461.2",
            "alt": "Atoh1",
            "len": 10,
            "motif_evalue": 0,
            "motif_nsites": 1110,
            "url": "http://jaspar.genereg.net?ID=MA0461.2&rm=present&collection=CORE",
            "pwm": [
              [0.548509, 0.0904879, 0.311544, 0.0494592], 
              [0.509192, 0.325202, 0.145107, 0.0204997], 
              [0.0390445, 0.953417, 0.00748262, 5.62936e-05], 
              [0.949888, 0.0185531, 0.0315012, 5.62936e-05], 
              [0.0143391, 0.0084574, 0.114317, 0.862887], 
              [0.932634, 0.0672532, 5.62936e-05, 5.62936e-05], 
              [0.0208456, 0.00383644, 0.00478123, 0.970537], 
              [0.00194087, 0.000999081, 0.967793, 0.0292677], 
              [0.0331228, 0.227631, 0.365733, 0.373513], 
              [0.0999558, 0.385605, 0.0983951, 0.416044]
            ],
            "pvalue": 1.37064e-15,
            "corrected_pvalue": 7.1136e-13
          }, {
            "db": 0,
            "id": "MA0840.1",
            "alt": "Creb5",
            "len": 12,
            "motif_evalue": 0,
            "motif_nsites": 3933,
            "url": "http://jaspar.genereg.net?ID=MA0840.1&rm=present&collection=CORE",
            "pwm": [
              [0.324597, 0.199841, 0.287873, 0.18769], 
              [0.876232, 0.0537145, 0.060575, 0.00947829], 
              [0.00162579, 0.00430962, 1.58902e-05, 0.994049], 
              [0.00281671, 0.00130881, 0.798069, 0.197805], 
              [0.996992, 1.58902e-05, 0.000284873, 0.00270772], 
              [1.58902e-05, 0.984797, 1.58902e-05, 0.0151709], 
              [0.0391834, 1.58902e-05, 0.960785, 1.58902e-05], 
              [0.00484358, 0.00162479, 1.58902e-05, 0.993515], 
              [0.198273, 0.80083, 1.58902e-05, 0.000880835], 
              [0.999412, 1.58902e-05, 1.58902e-05, 0.000555856], 
              [0.00658447, 0.48895, 0.0202456, 0.48422], 
              [0.199787, 0.395779, 0.100442, 0.303993]
            ],
            "pvalue": 5.47479e-15,
            "corrected_pvalue": 2.84142e-12
          }, {
            "db": 0,
            "id": "MA0807.1",
            "alt": "TBX5",
            "len": 8,
            "motif_evalue": 0,
            "motif_nsites": 2380,
            "url": "http://jaspar.genereg.net?ID=MA0807.1&rm=present&collection=CORE",
            "pwm": [
              [0.718963, 0.0354945, 0.163022, 0.0825206], 
              [0.0995078, 0.0804578, 0.763706, 0.0563283], 
              [2.62577e-05, 2.62577e-05, 0.984639, 0.0153087], 
              [0.0209931, 0.0610638, 0.0773711, 0.840572], 
              [0.0147707, 2.62577e-05, 0.985177, 2.62577e-05], 
              [0.0677451, 0.0940804, 0.0840474, 0.754128], 
              [0.0364284, 0.177991, 0.521209, 0.264372], 
              [0.719823, 0.0303501, 0.136884, 0.112943]
            ],
            "pvalue": 1.01426e-14,
            "corrected_pvalue": 5.26401e-12
          }, {
            "db": 0,
            "id": "MA0158.1",
            "alt": "HOXA5",
            "len": 8,
            "motif_evalue": 0,
            "motif_nsites": 16,
            "url": "http://jaspar.genereg.net?ID=MA0158.1&rm=present&collection=CORE",
            "pwm": [
              [0.135128, 0.85718, 0.00384615, 0.00384615], 
              [0.434615, 0.00384615, 0.311538, 0.25], 
              [0.00384615, 0.434615, 0.311538, 0.25], 
              [0.373077, 0.00384615, 0.0653846, 0.557692], 
              [0.865385, 0.00384615, 0.00384615, 0.126923], 
              [0.865385, 0.00384615, 0.126923, 0.00384615], 
              [0.00384615, 0.00384615, 0.00384615, 0.988462], 
              [0.00384615, 0.0653846, 0.373077, 0.557692]
            ],
            "pvalue": 1.10985e-14,
            "corrected_pvalue": 5.76012e-12
          }, {
            "db": 0,
            "id": "MA0801.1",
            "alt": "MGA",
            "len": 8,
            "motif_evalue": 0,
            "motif_nsites": 35887,
            "url": "http://jaspar.genereg.net?ID=MA0801.1&rm=present&collection=CORE",
            "pwm": [
              [0.68249, 0.0257666, 0.198621, 0.0931221], 
              [0.106513, 0.0923521, 0.753462, 0.0476724], 
              [0.000515738, 0.0163586, 0.979782, 0.00334372], 
              [0.000353739, 0.103543, 0.00281472, 0.893289], 
              [0.000460738, 3.47413e-05, 0.999143, 0.000361739], 
              [0.0297725, 0.0882561, 0.0108867, 0.871085], 
              [0.0174906, 0.0444984, 0.773907, 0.164104], 
              [0.95898, 0.00346172, 0.0289385, 0.00861968]
            ],
            "pvalue": 1.4548e-14,
            "corrected_pvalue": 7.5504e-12
          }, {
            "db": 0,
            "id": "MA0511.2",
            "alt": "RUNX2",
            "len": 9,
            "motif_evalue": 0,
            "motif_nsites": 7218,
            "url": "http://jaspar.genereg.net?ID=MA0511.2&rm=present&collection=CORE",
            "pwm": [
              [0.481704, 0.135859, 0.0405643, 0.341873], 
              [0.737781, 0.0619635, 0.135395, 0.0648604], 
              [0.953186, 0.046797, 8.65861e-06, 8.65861e-06], 
              [8.65861e-06, 0.999974, 8.65861e-06, 8.65861e-06], 
              [8.65861e-06, 0.999974, 8.65861e-06, 8.65861e-06], 
              [0.282425, 0.00532047, 0.69454, 0.017715], 
              [8.65861e-06, 0.999974, 8.65861e-06, 8.65861e-06], 
              [0.854743, 0.0614575, 0.0591336, 0.0246658], 
              [0.63473, 0.102271, 0.171302, 0.0916975]
            ],
            "pvalue": 2.57281e-14,
            "corrected_pvalue": 1.33529e-11
          }, {
            "db": 0,
            "id": "MA0671.1",
            "alt": "NFIX",
            "len": 9,
            "motif_evalue": 0,
            "motif_nsites": 38641,
            "url": "http://jaspar.genereg.net?ID=MA0671.1&rm=present&collection=CORE",
            "pwm": [
              [0.241936, 0.268074, 0.265488, 0.224501], 
              [0.238315, 0.186648, 0.3303, 0.244736], 
              [0.188773, 0.162263, 0.098932, 0.550032], 
              [0.00369659, 0.00520858, 0.920015, 0.0710802], 
              [8.46169e-05, 0.909022, 0.09009, 0.000803612], 
              [1.61744e-06, 0.999995, 1.61744e-06, 1.61744e-06], 
              [0.928777, 0.0630242, 0.00508858, 0.0031106], 
              [0.666515, 0.0275024, 0.257327, 0.0486553], 
              [0.251065, 0.275043, 0.277964, 0.195929]
            ],
            "pvalue": 5.32593e-14,
            "corrected_pvalue": 2.76416e-11
          }, {
            "db": 0,
            "id": "MA0832.1",
            "alt": "Tcf21",
            "len": 14,
            "motif_evalue": 0,
            "motif_nsites": 178,
            "url": "http://jaspar.genereg.net?ID=MA0832.1&rm=present&collection=CORE",
            "pwm": [
              [0.321537, 0.169704, 0.409133, 0.0996262], 
              [0.162913, 0.441591, 0.128078, 0.267418], 
              [0.862775, 0.00539455, 0.11635, 0.0154814], 
              [0.943777, 0.0555221, 0.000350631, 0.000350631], 
              [0.000350631, 0.998948, 0.000350631, 0.000350631], 
              [0.993142, 0.00615648, 0.000350631, 0.000350631], 
              [0.000350631, 0.000350631, 0.987403, 0.0118954], 
              [0.000350631, 0.987403, 0.00612252, 0.00612252], 
              [0.000350631, 0.000350631, 0.000350631, 0.998948], 
              [0.000350631, 0.000350631, 0.998948, 0.000350631], 
              [0.000350631, 0.0208349, 0.102771, 0.876044], 
              [0.0254414, 0.115767, 0.000350631, 0.858441], 
              [0.290641, 0.133884, 0.464814, 0.110661], 
              [0.175544, 0.286499, 0.187223, 0.350736]
            ],
            "pvalue": 7.37098e-14,
            "corrected_pvalue": 3.82554e-11
          }, {
            "db": 0,
            "id": "MA0688.1",
            "alt": "TBX2",
            "len": 11,
            "motif_evalue": 0,
            "motif_nsites": 3923,
            "url": "http://jaspar.genereg.net?ID=MA0688.1&rm=present&collection=CORE",
            "pwm": [
              [0.395464, 0.126383, 0.225403, 0.252751], 
              [0.723253, 0.0134301, 0.162807, 0.10051], 
              [0.129331, 0.111502, 0.683323, 0.0758431], 
              [0.00279375, 0.0111262, 0.981743, 0.00433666], 
              [1.59307e-05, 0.093185, 0.00596255, 0.900837], 
              [0.00809242, 1.59307e-05, 0.988148, 0.00374369], 
              [0.0785879, 0.100343, 0.00692649, 0.814144], 
              [0.0501017, 0.208276, 0.513959, 0.227663], 
              [0.921452, 0.00754745, 0.0362246, 0.0347757], 
              [0.601312, 0.116941, 0.125514, 0.156234], 
              [0.464451, 0.140259, 0.185539, 0.209751]
            ],
            "pvalue": 1.24213e-13,
            "corrected_pvalue": 6.44664e-11
          }, {
            "db": 0,
            "id": "MA0826.1",
            "alt": "OLIG1",
            "len": 10,
            "motif_evalue": 0,
            "motif_nsites": 12041,
            "url": "http://jaspar.genereg.net?ID=MA0826.1&rm=present&collection=CORE",
            "pwm": [
              [0.852479, 0.0179658, 0.114207, 0.0153469], 
              [0.520531, 0.363523, 0.115941, 5.19049e-06], 
              [0.0045491, 0.995441, 5.19049e-06, 5.19049e-06], 
              [0.981037, 9.11887e-05, 0.0119759, 0.00689505], 
              [0.00104617, 0.00130616, 0.00980499, 0.987844], 
              [0.990679, 0.00696305, 0.00148416, 0.000875172], 
              [0.0165848, 0.0148849, 5.19049e-06, 0.968525], 
              [5.19049e-06, 5.19049e-06, 0.993531, 0.00645906], 
              [0.00105817, 0.182761, 0.40098, 0.415201], 
              [0.0327805, 0.188095, 0.0171958, 0.761929]
            ],
            "pvalue": 1.32147e-13,
            "corrected_pvalue": 6.85845e-11
          }, {
            "db": 0,
            "id": "MA0605.1",
            "alt": "Atf3",
            "len": 8,
            "motif_evalue": 0,
            "motif_nsites": 1000,
            "url": "http://jaspar.genereg.net?ID=MA0605.1&rm=present&collection=CORE",
            "pwm": [
              [0.0870407, 0.13103, 0.694889, 0.0870407], 
              [0.827856, 6.24844e-05, 0.172019, 6.24844e-05], 
              [6.24844e-05, 6.24844e-05, 6.24844e-05, 0.999813], 
              [6.24844e-05, 6.24844e-05, 0.951825, 0.0480505], 
              [0.999813, 6.24844e-05, 6.24844e-05, 6.24844e-05], 
              [6.24844e-05, 0.999813, 6.24844e-05, 6.24844e-05], 
              [0.108143, 6.24844e-05, 0.810671, 0.0811232], 
              [0.0969413, 0.19382, 0.0330212, 0.676217]
            ],
            "pvalue": 6.04658e-13,
            "corrected_pvalue": 3.13817e-10
          }, {
            "db": 0,
            "id": "MA0750.1",
            "alt": "ZBTB7A",
            "len": 12,
            "motif_evalue": 0,
            "motif_nsites": 202,
            "url": "http://jaspar.genereg.net?ID=MA0750.1&rm=present&collection=CORE",
            "pwm": [
              [0.169592, 0.197805, 0.389658, 0.242947], 
              [0.161621, 0.134164, 0.607804, 0.0964101], 
              [0.000309023, 0.911552, 0.0878297, 0.000309023], 
              [0.106239, 0.000309023, 0.893143, 0.000309023], 
              [0.77228, 0.18785, 0.00467063, 0.0351998], 
              [0.000309023, 0.987914, 0.000309023, 0.0114682], 
              [0.0159966, 0.925866, 0.0316842, 0.0264547], 
              [0.906879, 0.061771, 0.000309023, 0.03104], 
              [0.000309023, 0.999073, 0.000309023, 0.000309023], 
              [0.175093, 0.736897, 0.0377627, 0.0502472], 
              [0.163948, 0.158305, 0.496869, 0.180877], 
              [0.479716, 0.211477, 0.200062, 0.108746]
            ],
            "pvalue": 1.00844e-12,
            "corrected_pvalue": 5.23381e-10
          }, {
            "db": 0,
            "id": "MA0836.1",
            "alt": "CEBPD",
            "len": 10,
            "motif_evalue": 0,
            "motif_nsites": 7578,
            "url": "http://jaspar.genereg.net?ID=MA0836.1&rm=present&collection=CORE",
            "pwm": [
              [0.520167, 0.177972, 0.270422, 0.0314382], 
              [8.24729e-06, 8.24729e-06, 0.000291238, 0.999692], 
              [0.000136243, 0.000136243, 0.0963211, 0.903406], 
              [0.436931, 0.000652226, 0.472065, 0.0903523], 
              [0.0112929, 0.905723, 0.0043681, 0.0786157], 
              [0.101312, 0.0104619, 0.879008, 0.00921794], 
