<!DOCTYPE HTML>
<html>
  <head>
    <meta charset="UTF-8">
    <title>TOMTOM</title>
    <script>
      // @JSON_VAR data
      var data = {
        "program": "Tomtom",
        "version": "4.11.4",
        "release": "Thu May 18 17:37:13 2017 -0700",
        "cmd": [
          "tomtom", "-no-ssc", "-oc", ".", "-verbosity", "1", "-min-overlap",
          "5", "-dist", "pearson", "-thresh", "0.1",
          "newseq.matchgc.Noonan.motif_of_interest.meme",
          "db/CIS-BP/Homo_sapiens.meme"
        ],
        "options": {
          "strands": "both",
          "distance_measure": "pearson",
          "threshold_type": "qvalue",
          "threshold_value": 0.1,
          "background_source": "first_target"
        },
        "alphabet": {
          "name": "DNA",
          "like": "dna",
          "ncore": 4,
          "symbols": [
            {
              "symbol": "A",
              "name": "Adenine",
              "colour": "CC0000",
              "complement": "T"
            }, {
              "symbol": "C",
              "name": "Cytosine",
              "colour": "0000CC",
              "complement": "G"
            }, {
              "symbol": "G",
              "name": "Guanine",
              "colour": "FFB300",
              "complement": "C"
            }, {
              "symbol": "T",
              "aliases": "U",
              "name": "Thymine",
              "colour": "008000",
              "complement": "A"
            }, {
              "symbol": "N",
              "aliases": "X.",
              "name": "Any base",
              "equals": "ACGT"
            }, {
              "symbol": "V",
              "name": "Not T",
              "equals": "ACG"
            }, {
              "symbol": "H",
              "name": "Not G",
              "equals": "ACT"
            }, {
              "symbol": "D",
              "name": "Not C",
              "equals": "AGT"
            }, {
              "symbol": "B",
              "name": "Not A",
              "equals": "CGT"
            }, {
              "symbol": "M",
              "name": "Amino",
              "equals": "AC"
            }, {
              "symbol": "R",
              "name": "Purine",
              "equals": "AG"
            }, {
              "symbol": "W",
              "name": "Weak",
              "equals": "AT"
            }, {
              "symbol": "S",
              "name": "Strong",
              "equals": "CG"
            }, {
              "symbol": "Y",
              "name": "Pyrimidine",
              "equals": "CT"
            }, {
              "symbol": "K",
              "name": "Keto",
              "equals": "GT"
            }
          ]
        },
        "background": [0.25, 0.25, 0.25, 0.25],
        "query_dbs": [
          {
            "source": "newseq.matchgc.Noonan.motif_of_interest.meme",
            "name": "newseq.matchgc.Noonan.motif of interest",
            "loaded": 20,
            "excluded": 0,
            "last_modified": "Wed May 31 15:51:34 2017"
          }
        ],
        "target_dbs": [
          {
            "source": "db/CIS-BP/Homo_sapiens.meme",
            "name": "Homo sapiens",
            "loaded": 733,
            "excluded": 0,
            "last_modified": "Wed Sep 14 18:58:29 2016"
          }
        ],
        "queries": [
          {
            "db": 0,
            "id": "pattern/Type1/motif_visualization/pwm_Motif_0.feather",
            "alt": "pattern/Type1/motif_visualization/pwm_Motif_0.feather",
            "len": 8,
            "evalue": "1.0e+000",
            "pwm": [
              [0.13625, 0.197984, 0.597695, 0.0680716], 
              [0.00874826, 0.0099791, 0.543833, 0.43744], 
              [0.349338, 0.588648, 0.0204876, 0.0415264], 
              [0.939417, 0.0377134, 0.00755821, 0.0153124], 
              [0.0199393, 0.198647, 0.437007, 0.344407], 
              [0.236411, 0.272554, 0.235667, 0.255367], 
              [0.216619, 0.27949, 0.221042, 0.28285], 
              [0.263745, 0.17574, 0.312108, 0.248406]
            ]
          }, {
            "db": 0,
            "id": "pattern/Type1/motif_visualization/pwm_Motif_100.feather",
            "alt": "pattern/Type1/motif_visualization/pwm_Motif_100.feather",
            "len": 8,
            "evalue": "1.0e+000",
            "pwm": [
              [0.41354, 0.0367851, 0.499677, 0.049998], 
              [0.0285701, 0.0145831, 0.917936, 0.0389104], 
              [0.217045, 0.0297343, 0.722261, 0.0309592], 
              [0.209121, 0.176003, 0.290469, 0.324408], 
              [0.0207124, 0.0178557, 0.843096, 0.118336], 
              [0.0219303, 0.0183463, 0.862221, 0.0975025], 
              [0.231771, 0.335526, 0.353721, 0.0789811], 
              [0.243232, 0.0471502, 0.664333, 0.0452846]
            ]
          }, {
            "db": 0,
            "id": "pattern/Type1/motif_visualization/pwm_Motif_106.feather",
            "alt": "pattern/Type1/motif_visualization/pwm_Motif_106.feather",
            "len": 8,
            "evalue": "1.0e+000",
            "pwm": [
              [0.216867, 0.334579, 0.245923, 0.20263], 
              [0.275661, 0.100507, 0.389006, 0.234826], 
              [0.00506169, 0.981025, 0.00725771, 0.00665572], 
              [0.00502687, 0.00770746, 0.981902, 0.00536318], 
              [0.230863, 0.311226, 0.185685, 0.272227], 
              [0.233814, 0.210824, 0.30969, 0.245672], 
              [0.22727, 0.250033, 0.285016, 0.237682], 
              [0.231172, 0.273592, 0.245236, 0.25]
            ]
          }, {
            "db": 0,
            "id": "pattern/Type1/motif_visualization/pwm_Motif_133.feather",
            "alt": "pattern/Type1/motif_visualization/pwm_Motif_133.feather",
            "len": 8,
            "evalue": "1.0e+000",
            "pwm": [
              [0.261335, 0.0458527, 0.513594, 0.179217], 
              [0.222129, 0.654045, 0.0891055, 0.0347194], 
              [0.487656, 0.436163, 0.0217473, 0.0544338], 
              [0.345689, 0.0657085, 0.47586, 0.112743], 
              [0.041591, 0.416638, 0.276835, 0.264936], 
              [0.30707, 0.475565, 0.0695393, 0.147827], 
              [0.439213, 0.0634219, 0.0127622, 0.484603], 
              [0.228764, 0.0266687, 0.5901, 0.154468]
            ]
          }, {
            "db": 0,
            "id": "pattern/Type1/motif_visualization/pwm_Motif_14.feather",
            "alt": "pattern/Type1/motif_visualization/pwm_Motif_14.feather",
            "len": 8,
            "evalue": "1.0e+000",
            "pwm": [
              [0.047995, 0.870436, 0.0265393, 0.0550299], 
              [0.0106706, 0.923875, 0.0221154, 0.0433383], 
              [0.466535, 0.107767, 0.203668, 0.22203], 
              [0.175749, 0.556928, 0.102621, 0.164701], 
              [0.41002, 0.0970766, 0.421959, 0.0709443], 
              [0.184748, 0.259665, 0.415466, 0.140121], 
              [0.341094, 0.364094, 0.115079, 0.179734], 
              [0.103114, 0.548204, 0.111291, 0.237391]
            ]
          }, {
            "db": 0,
            "id": "pattern/Type1/motif_visualization/pwm_Motif_143.feather",
            "alt": "pattern/Type1/motif_visualization/pwm_Motif_143.feather",
            "len": 8,
            "evalue": "1.0e+000",
            "pwm": [
              [0.198471, 0.0970507, 0.22177, 0.482707], 
              [0.119088, 0.0366299, 0.797116, 0.0471662], 
              [0.0529075, 0.0544328, 0.504993, 0.387668], 
              [0.0947025, 0.777615, 0.0279303, 0.0997522], 
              [0.501518, 0.0589831, 0.345128, 0.0943711], 
              [0.136685, 0.480765, 0.202371, 0.180178], 
              [0.173467, 0.383121, 0.0922149, 0.351196], 
              [0.364044, 0.415783, 0.150651, 0.0695224]
            ]
          }, {
            "db": 0,
            "id": "pattern/Type1/motif_visualization/pwm_Motif_154.feather",
            "alt": "pattern/Type1/motif_visualization/pwm_Motif_154.feather",
            "len": 8,
            "evalue": "1.0e+000",
            "pwm": [
              [0.101618, 0.300267, 0.296081, 0.302035], 
              [0.448856, 0.252712, 0.094394, 0.204038], 
              [0.258106, 0.282725, 0.352099, 0.10707], 
              [0.100103, 0.408574, 0.0527891, 0.438533], 
              [0.124575, 0.049393, 0.686851, 0.139182], 
              [0.119288, 0.768057, 0.0591622, 0.0534925], 
              [0.0487204, 0.812463, 0.101716, 0.0371005], 
              [0.627089, 0.200516, 0.0466527, 0.125741]
            ]
          }, {
            "db": 0,
            "id": "pattern/Type1/motif_visualization/pwm_Motif_168.feather",
            "alt": "pattern/Type1/motif_visualization/pwm_Motif_168.feather",
            "len": 8,
            "evalue": "1.0e+000",
            "pwm": [
              [0.116881, 0.125343, 0.502244, 0.255532], 
              [0.157303, 0.053597, 0.633395, 0.155704], 
              [0.10643, 0.15997, 0.630451, 0.103149], 
              [0.142819, 0.209561, 0.273708, 0.373911], 
              [0.136546, 0.073805, 0.640041, 0.149608], 
              [0.206395, 0.5874, 0.175578, 0.0306269], 
              [0.0315075, 0.875181, 0.0344587, 0.0588527], 
              [0.583054, 0.320479, 0.0251711, 0.0712965]
            ]
          }, {
            "db": 0,
            "id": "pattern/Type1/motif_visualization/pwm_Motif_185.feather",
            "alt": "pattern/Type1/motif_visualization/pwm_Motif_185.feather",
            "len": 8,
            "evalue": "1.0e+000",
            "pwm": [
              [0.219589, 0.291855, 0.295643, 0.192913], 
              [0.214994, 0.296606, 0.288068, 0.200331], 
              [0.182083, 0.298999, 0.318234, 0.200686], 
              [0.0686796, 0.381732, 0.438883, 0.110705], 
              [0.0156537, 0.975588, 0.00616716, 0.00259005], 
              [0.00221692, 0.00327164, 0.99139, 0.00312139], 
              [0.13127, 0.401203, 0.367682, 0.0998458], 
              [0.194632, 0.3023, 0.327256, 0.175813]
            ]
          }, {
            "db": 0,
            "id": "pattern/Type1/motif_visualization/pwm_Motif_193.feather",
            "alt": "pattern/Type1/motif_visualization/pwm_Motif_193.feather",
            "len": 8,
            "evalue": "1.0e+000",
            "pwm": [
              [0.167608, 0.700701, 0.0641721, 0.0675184], 
              [0.0591493, 0.862505, 0.0210169, 0.0573294], 
              [0.141692, 0.743139, 0.0273592, 0.087809], 
              [0.0784826, 0.733947, 0.0258109, 0.161758], 
              [0.139518, 0.645133, 0.0610786, 0.15427], 
              [0.128115, 0.544524, 0.0802279, 0.247132], 
              [0.315142, 0.373966, 0.160257, 0.150635], 
              [0.153772, 0.54068, 0.215094, 0.0904547]
            ]
          }, {
            "db": 0,
            "id": "pattern/Type1/motif_visualization/pwm_Motif_22.feather",
            "alt": "pattern/Type1/motif_visualization/pwm_Motif_22.feather",
            "len": 8,
            "evalue": "1.0e+000",
            "pwm": [
              [0.269285, 0.124776, 0.464787, 0.141151], 
              [0.314054, 0.317466, 0.100026, 0.268455], 
              [0.179112, 0.53859, 0.164531, 0.117767], 
              [0.324086, 0.0839294, 0.0896557, 0.50233], 
              [0.187626, 0.661747, 0.0352886, 0.115338], 
              [0.414914, 0.0205164, 0.520444, 0.0441254], 
              [0.0758816, 0.334463, 0.0189104, 0.570744], 
              [0.0944229, 0.2879, 0.435288, 0.18239]
            ]
          }, {
            "db": 0,
            "id": "pattern/Type1/motif_visualization/pwm_Motif_222.feather",
            "alt": "pattern/Type1/motif_visualization/pwm_Motif_222.feather",
            "len": 8,
            "evalue": "1.0e+000",
            "pwm": [
              [0.302633, 0.236609, 0.0281821, 0.432576], 
              [0.230472, 0.0619085, 0.549655, 0.157965], 
              [0.0777045, 0.10149, 0.741537, 0.0792687], 
              [0.221583, 0.41282, 0.208452, 0.157145], 
              [0.12796, 0.571524, 0.220535, 0.0799801], 
              [0.0655453, 0.68924, 0.0201473, 0.225068], 
              [0.181214, 0.479476, 0.0395532, 0.299757], 
              [0.182936, 0.041796, 0.157939, 0.617327]
            ]
          }, {
            "db": 0,
            "id": "pattern/Type1/motif_visualization/pwm_Motif_241.feather",
            "alt": "pattern/Type1/motif_visualization/pwm_Motif_241.feather",
            "len": 8,
            "evalue": "1.0e+000",
            "pwm": [
              [0.0932557, 0.612313, 0.0863701, 0.208061], 
              [0.0917721, 0.413025, 0.289955, 0.205247], 
              [0.157179, 0.786147, 0.0213821, 0.0352915], 
              [0.0841502, 0.878746, 0.0124706, 0.0246328], 
              [0.283003, 0.41035, 0.112989, 0.193658], 
              [0.0494199, 0.760706, 0.035003, 0.154872], 
              [0.0465512, 0.855424, 0.0246746, 0.0733493], 
              [0.0900856, 0.515706, 0.0442925, 0.349915]
            ]
          }, {
            "db": 0,
            "id": "pattern/Type1/motif_visualization/pwm_Motif_275.feather",
            "alt": "pattern/Type1/motif_visualization/pwm_Motif_275.feather",
            "len": 8,
            "evalue": "1.0e+000",
            "pwm": [
              [0.12562, 0.430602, 0.375744, 0.0680338], 
              [0.0936129, 0.616158, 0.0858687, 0.204359], 
              [0.122131, 0.221718, 0.441468, 0.214683], 
              [0.136397, 0.816727, 0.023396, 0.0234806], 
              [0.0815502, 0.886907, 0.0176726, 0.0138697], 
              [0.278613, 0.407791, 0.144146, 0.16945], 
              [0.0744766, 0.693058, 0.0427294, 0.189736], 
              [0.0369184, 0.906771, 0.0208925, 0.0354179]
            ]
          }, {
            "db": 0,
            "id": "pattern/Type1/motif_visualization/pwm_Motif_29.feather",
            "alt": "pattern/Type1/motif_visualization/pwm_Motif_29.feather",
            "len": 8,
            "evalue": "1.0e+000",
            "pwm": [
              [0.249967, 0.30534, 0.174147, 0.270545], 
              [0.235061, 0.342848, 0.164122, 0.257969], 
              [0.377673, 0.365828, 0.0906149, 0.165885], 
              [0.413461, 0.03121, 0.553462, 0.00186766], 
              [0.0291303, 0.00651841, 0.937176, 0.0271751], 
              [0.260946, 0.624919, 0.0207343, 0.0934], 
              [0.103643, 0.465593, 0.0127373, 0.418027], 
              [0.25703, 0.203944, 0.260141, 0.278885]
            ]
          }, {
            "db": 0,
            "id": "pattern/Type1/motif_visualization/pwm_Motif_291.feather",
            "alt": "pattern/Type1/motif_visualization/pwm_Motif_291.feather",
            "len": 8,
            "evalue": "1.0e+000",
            "pwm": [
              [0.475385, 0.101336, 0.220518, 0.20276], 
              [0.0353104, 0.0155721, 0.923102, 0.0260159], 
              [0.228998, 0.0264219, 0.6827, 0.0618796], 
              [0.0932478, 0.0404169, 0.707661, 0.158675], 
              [0.0927473, 0.090399, 0.731176, 0.0856766], 
              [0.0612159, 0.0471592, 0.845964, 0.0456597], 
              [0.255385, 0.343607, 0.222342, 0.178665], 
              [0.225184, 0.0209761, 0.740857, 0.0129821]
            ]
          }, {
            "db": 0,
            "id": "pattern/Type1/motif_visualization/pwm_Motif_46.feather",
            "alt": "pattern/Type1/motif_visualization/pwm_Motif_46.feather",
            "len": 8,
            "evalue": "1.0e+000",
            "pwm": [
              [0.0446945, 0.419543, 0.319092, 0.21667], 
              [0.137212, 0.379762, 0.183189, 0.299837], 
              [0.182228, 0.2016, 0.216485, 0.399688], 
              [0.194842, 0.0674896, 0.536632, 0.201037], 
              [0.18772, 0.0560388, 0.684943, 0.0712975], 
              [0.137909, 0.0522836, 0.591581, 0.218226], 
              [0.0336189, 0.011197, 0.918094, 0.0370905], 
              [0.0453403, 0.035809, 0.824095, 0.0947562]
            ]
          }, {
            "db": 0,
            "id": "pattern/Type1/motif_visualization/pwm_Motif_59.feather",
            "alt": "pattern/Type1/motif_visualization/pwm_Motif_59.feather",
            "len": 8,
            "evalue": "1.0e+000",
            "pwm": [
              [0.165443, 0.160648, 0.48731, 0.186598], 
              [0.224572, 0.126709, 0.500479, 0.148239], 
              [0.208041, 0.0722159, 0.581268, 0.138476], 
              [0.0915254, 0.0244816, 0.811804, 0.0721881], 
              [0.0456388, 0.0150209, 0.888382, 0.0509582], 
              [0.0805881, 0.0665085, 0.779649, 0.0732547], 
              [0.16831, 0.115, 0.515471, 0.20122], 
              [0.189173, 0.381017, 0.277616, 0.152194]
            ]
          }, {
            "db": 0,
            "id": "pattern/Type1/motif_visualization/pwm_Motif_73.feather",
            "alt": "pattern/Type1/motif_visualization/pwm_Motif_73.feather",
            "len": 8,
            "evalue": "1.0e+000",
            "pwm": [
              [0.306838, 0.00124378, 0.385675, 0.306244], 
              [0.20884, 0.277607, 0.331916, 0.181637], 
              [0.00124378, 0.996269, 0.00124378, 0.00124378], 
              [0.00124378, 0.00124378, 0.996269, 0.00124378], 
              [0.204973, 0.271161, 0.285656, 0.23821], 
              [0.226447, 0.245462, 0.310779, 0.217311], 
              [0.240714, 0.233568, 0.285024, 0.240694], 
              [0.22034, 0.264674, 0.276821, 0.238164]
            ]
          }, {
            "db": 0,
            "id": "pattern/Type1/motif_visualization/pwm_Motif_78.feather",
            "alt": "pattern/Type1/motif_visualization/pwm_Motif_78.feather",
            "len": 8,
            "evalue": "1.0e+000",
            "pwm": [
              [0.101714, 0.0423881, 0.820655, 0.0352428], 
              [0.157063, 0.0310279, 0.544786, 0.267122], 
              [0.14944, 0.0620647, 0.589249, 0.199248], 
              [0.0106886, 0.00993632, 0.943373, 0.036002], 
              [0.0310706, 0.0338985, 0.634006, 0.301025], 
              [0.173356, 0.594404, 0.125859, 0.106381], 
              [0.3291, 0.102658, 0.437796, 0.130446], 
              [0.0978537, 0.321244, 0.380543, 0.200358]
            ]
          }
        ],
        "targets": [
          {
            "db": 0,
            "id": "M0212_1.02",
            "alt": "(TCFL5)_(Mus_musculus)_(DBD_1.00)",
            "len": 10,
            "nsites": 1,
            "url": "http://cisbp.ccbr.utoronto.ca/TFreport.php?searchTF=T014174_1.02",
            "pwm": [
              [0.262114, 0.206905, 0.30268, 0.2283], 
              [0.12558, 0.2288, 0.354032, 0.291588], 
              [0.0755945, 0.817465, 0.0381264, 0.0688145], 
              [0.36109, 0.0813373, 0.328548, 0.229025], 
              [0.0283827, 0.844468, 0.0395491, 0.0876], 
              [0.0876, 0.0395491, 0.844468, 0.0283827], 
              [0.229025, 0.328548, 0.0813373, 0.36109], 
              [0.0688145, 0.0381264, 0.817465, 0.0755945], 
              [0.291588, 0.354032, 0.2288, 0.12558], 
              [0.2283, 0.30268, 0.206905, 0.262114]
            ]
          }, {
            "db": 0,
            "id": "M0404_1.02",
            "alt": "(ZNF202)_(Mus_musculus)_(DBD_0.87)",
            "len": 10,
            "nsites": 1,
            "url": "http://cisbp.ccbr.utoronto.ca/TFreport.php?searchTF=T044466_1.02",
            "pwm": [
              [0.281862, 0.212789, 0.228618, 0.276731], 
              [0.307915, 0.195703, 0.249318, 0.247064], 
              [0.22529, 0.19534, 0.318932, 0.260437], 
              [0.177767, 0.195795, 0.396512, 0.229926], 
              [0.0298145, 0.0242164, 0.80194, 0.144029], 
              [0.0267264, 0.0227836, 0.908152, 0.0423382], 
              [0.0273818, 0.0229373, 0.817255, 0.132427], 
              [0.215555, 0.172902, 0.48299, 0.128554], 
              [0.0896782, 0.378383, 0.344538, 0.187401], 
              [0.39226, 0.227569, 0.238072, 0.142099]
            ]
          }, {
            "db": 0,
            "id": "M0405_1.02",
            "alt": "(KLF7)_(Mus_musculus)_(DBD_1.00)",
            "len": 10,
            "nsites": 1,
            "url": "http://cisbp.ccbr.utoronto.ca/TFreport.php?searchTF=T044298_1.02",
            "pwm": [
              [0.315636, 0.0928227, 0.257792, 0.333749], 
              [0.181682, 0.0229355, 0.771637, 0.0237464], 
              [0.0229745, 0.0228845, 0.931239, 0.0229009], 
              [0.0227945, 0.0229464, 0.931451, 0.0228082], 
              [0.114312, 0.622925, 0.0320945, 0.230669], 
              [0.0365555, 0.0230182, 0.908704, 0.0317227], 
              [0.0611982, 0.10417, 0.343234, 0.491398], 
              [0.211895, 0.0923182, 0.511861, 0.183925], 
              [0.174877, 0.127823, 0.475263, 0.222038], 
              [0.17749, 0.399595, 0.18706, 0.235855]
            ]
          }, {
            "db": 0,
            "id": "M0422_1.02",
            "alt": "(ZIC5)_(Mus_musculus)_(DBD_0.99)",
            "len": 10,
            "nsites": 1,
            "url": "http://cisbp.ccbr.utoronto.ca/TFreport.php?searchTF=T044372_1.02",
            "pwm": [
              [0.113109, 0.427789, 0.34136, 0.117743], 
              [0.173345, 0.448858, 0.114082, 0.263715], 
              [0.3441, 0.03356, 0.563285, 0.0590555], 
              [0.0230864, 0.0834391, 0.691969, 0.201505], 
              [0.02282, 0.0353609, 0.865232, 0.0765864], 
              [0.143232, 0.0612673, 0.625589, 0.169912], 
              [0.106614, 0.127255, 0.618261, 0.14787], 
              [0.0963182, 0.0229355, 0.779093, 0.101655], 
              [0.0229464, 0.253182, 0.17264, 0.551233], 
              [0.235596, 0.442905, 0.207787, 0.113711]
            ]
          }, {
            "db": 0,
            "id": "M0443_1.02",
            "alt": "(KLF12)_(Mus_musculus)_(DBD_1.00)",
            "len": 10,
            "nsites": 1,
            "url": "http://cisbp.ccbr.utoronto.ca/TFreport.php?searchTF=T044301_1.02",
            "pwm": [
              [0.259184, 0.135544, 0.226247, 0.379025], 
              [0.192921, 0.0228618, 0.741062, 0.0431555], 
              [0.0227291, 0.0227318, 0.931755, 0.0227845], 
              [0.0230673, 0.0227509, 0.931424, 0.0227582], 
              [0.0919036, 0.587635, 0.0227627, 0.297698], 
              [0.0230227, 0.0227555, 0.929726, 0.0244955], 
              [0.0774827, 0.10121, 0.337822, 0.483485], 
              [0.194844, 0.116247, 0.490588, 0.198321], 
              [0.175336, 0.141579, 0.450195, 0.232889], 
              [0.179505, 0.396944, 0.164586, 0.258964]
            ]
          }, {
            "db": 0,
            "id": "M0609_1.02",
            "alt": "DNMT1",
            "len": 10,
            "nsites": 1,
            "url": "http://cisbp.ccbr.utoronto.ca/TFreport.php?searchTF=T074507_1.02",
            "pwm": [
              [0.188435, 0.304253, 0.205862, 0.301451], 
              [0.239115, 0.274133, 0.264275, 0.222477], 
              [0.0654655, 0.725545, 0.149843, 0.0591464], 
              [0.0228782, 0.741337, 0.212784, 0.0230018], 
              [0.0227827, 0.0229064, 0.931555, 0.0227555], 
              [0.213087, 0.41774, 0.17247, 0.196704], 
              [0.205992, 0.248817, 0.272595, 0.272595], 
              [0.252225, 0.232473, 0.33563, 0.179672], 
              [0.206935, 0.300296, 0.266459, 0.226309], 
              [0.193545, 0.293316, 0.277558, 0.23558]
            ]
          }, {
            "db": 0,
            "id": "M1871_1.02",
            "alt": "(KLF2)_(Mus_musculus)_(DBD_0.95)",
            "len": 10,
            "nsites": 1,
            "url": "http://cisbp.ccbr.utoronto.ca/TFreport.php?searchTF=T044337_1.02",
            "pwm": [
              [0.33051, 0.03971, 0.237001, 0.392779], 
              [0.04116, 0.0246127, 0.910243, 0.0239836], 
              [0.0256573, 0.0254482, 0.923447, 0.0254482], 
              [0.0256555, 0.0302564, 0.918015, 0.0260736], 
              [0.08063, 0.424492, 0.0250264, 0.469852], 
              [0.0273309, 0.0258664, 0.91696, 0.0298427], 
              [0.0315191, 0.0394727, 0.478843, 0.450165], 
              [0.0780655, 0.0323691, 0.840636, 0.0489291], 
              [0.0485455, 0.0500145, 0.818051, 0.0833891], 
              [0.0761291, 0.623602, 0.0815955, 0.218674]
            ]
          }, {
            "db": 0,
            "id": "M1906_1.02",
            "alt": "SP1",
            "len": 11,
            "nsites": 1,
            "url": "http://cisbp.ccbr.utoronto.ca/TFreport.php?searchTF=T044652_1.02",
            "pwm": [
              [0.270349, 0.0991264, 0.539933, 0.0905918], 
              [0.160434, 0.0227273, 0.684405, 0.132435], 
              [0.236625, 0.0227273, 0.717921, 0.0227273], 
              [0.0227273, 0.0227273, 0.931818, 0.0227273], 
              [0.0227273, 0.0227273, 0.931818, 0.0227273], 
              [0.309069, 0.504023, 0.0227273, 0.164181], 
              [0.0303255, 0.0227273, 0.92422, 0.0227273], 
              [0.0227273, 0.0227273, 0.931818, 0.0227273], 
              [0.223822, 0.0227273, 0.720418, 0.0330318], 
              [0.218097, 0.0895509, 0.669625, 0.0227273], 
              [0.212165, 0.46728, 0.208625, 0.111929]
            ]
          }, {
            "db": 0,
            "id": "M1927_1.02",
            "alt": "(MYCL1)_(Mus_musculus)_(DBD_0.66)",
            "len": 8,
            "nsites": 1,
            "url": "http://cisbp.ccbr.utoronto.ca/TFreport.php?searchTF=T014188_1.02",
            "pwm": [
              [0.364851, 0.11733, 0.389474, 0.128345], 
              [0.0227273, 0.758165, 0.196381, 0.0227273], 
              [0.0227273, 0.931818, 0.0227273, 0.0227273], 
              [0.931818, 0.0227273, 0.0227273, 0.0227273], 
              [0.0227273, 0.931818, 0.0227273, 0.0227273], 
              [0.131585, 0.0227273, 0.822961, 0.0227273], 
              [0.0227273, 0.0227273, 0.0227273, 0.931818], 
              [0.0227273, 0.0227273, 0.931818, 0.0227273]
            ]
          }, {
            "db": 0,
            "id": "M1963_1.02",
            "alt": "(ZFY)_(Mus_musculus)_(DBD_0.97)",
            "len": 14,
            "nsites": 1,
            "url": "http://cisbp.ccbr.utoronto.ca/TFreport.php?searchTF=T044235_1.02",
            "pwm": [
              [0.11802, 0.361969, 0.363875, 0.156137], 
              [0.135173, 0.346722, 0.352439, 0.165666], 
              [0.195797, 0.309909, 0.401198, 0.0930964], 
              [0.159375, 0.115724, 0.586402, 0.138499], 
              [0.0416273, 0.584058, 0.294887, 0.0794273], 
              [0.0340673, 0.705018, 0.0265073, 0.234407], 
              [0.0794273, 0.257087, 0.368597, 0.294887], 
              [0.383717, 0.311897, 0.253307, 0.0510773], 
              [0.0378473, 0.0265073, 0.911028, 0.0246173], 
              [0.0227273, 0.0283973, 0.924258, 0.0246173], 
              [0.0227273, 0.931818, 0.0227273, 0.0227273], 
              [0.0227273, 0.929928, 0.0227273, 0.0246173], 
              [0.0227273, 0.0246173, 0.0227273, 0.929928], 
              [0.181818, 0.253788, 0.435606, 0.128788]
            ]
          }, {
            "db": 0,
            "id": "M2314_1.02",
            "alt": "SP2",
            "len": 15,
            "nsites": 1,
            "url": "http://cisbp.ccbr.utoronto.ca/TFreport.php?searchTF=T044474_1.02",
            "pwm": [
              [0.193115, 0.25027, 0.424431, 0.132185], 
              [0.160763, 0.242721, 0.450852, 0.145665], 
              [0.207134, 0.238946, 0.409334, 0.144586], 
              [0.357031, 0.197967, 0.321444, 0.123557], 
              [0.292866, 0.0761082, 0.54629, 0.0847355], 
              [0.17586, 0.0227273, 0.66761, 0.133803], 
              [0.334385, 0.0227273, 0.620161, 0.0227273], 
              [0.0389036, 0.0227273, 0.915642, 0.0227273], 
              [0.0227273, 0.0227273, 0.931818, 0.0227273], 
              [0.147822, 0.712903, 0.0227273, 0.116548], 
              [0.0459127, 0.0227273, 0.908633, 0.0227273], 
              [0.0227273, 0.0265018, 0.928044, 0.0227273], 
              [0.15591, 0.0232664, 0.770058, 0.0507655], 
              [0.334924, 0.161302, 0.460018, 0.0437564], 
              [0.154831, 0.577025, 0.159145, 0.108999]
            ]
          }, {
            "db": 0,
            "id": "M2391_1.02",
            "alt": "KLF5",
            "len": 10,
            "nsites": 1,
            "url": "http://cisbp.ccbr.utoronto.ca/TFreport.php?searchTF=T044265_1.02",
            "pwm": [
              [0.296636, 0.0227273, 0.396423, 0.284214], 
              [0.05452, 0.0227273, 0.900025, 0.0227273], 
              [0.0227273, 0.0227273, 0.931818, 0.0227273], 
              [0.0227273, 0.0227273, 0.931818, 0.0227273], 
              [0.248347, 0.368837, 0.0227273, 0.360088], 
              [0.0227273, 0.0227273, 0.931818, 0.0227273], 
              [0.0604645, 0.0227273, 0.661849, 0.254959], 
              [0.129793, 0.0227273, 0.824753, 0.0227273], 
              [0.137006, 0.0227273, 0.817539, 0.0227273], 
              [0.195515, 0.528468, 0.157845, 0.118172]
            ]
          }, {
            "db": 0,
            "id": "M4427_1.02",
            "alt": "CTCF",
            "len": 21,
            "nsites": 1,
            "url": "http://cisbp.ccbr.utoronto.ca/TFreport.php?searchTF=T044268_1.02",
            "pwm": [
              [0.212121, 0.219697, 0.291666, 0.276515], 
              [0.100379, 0.333334, 0.157197, 0.409091], 
              [0.204545, 0.17803, 0.420455, 0.19697], 
              [0.219697, 0.111743, 0.496212, 0.172348], 
              [0.100379, 0.765152, 0.0643936, 0.0700755], 
              [0.0246209, 0.929925, 0.0227273, 0.0227273], 
              [0.619318, 0.0378791, 0.223485, 0.119318], 
              [0.0549245, 0.5625, 0.348485, 0.0340909], 
              [0.142045, 0.534091, 0.0928027, 0.231061], 
              [0.852273, 0.0359845, 0.0568182, 0.0549245], 
              [0.0227273, 0.0227273, 0.929925, 0.0246209], 
              [0.382575, 0.0227273, 0.57197, 0.0227273], 
              [0.0492427, 0.0397727, 0.573864, 0.337121], 
              [0.0284091, 0.0227273, 0.926136, 0.0227273], 
              [0.0492427, 0.0378791, 0.833333, 0.0795455], 
              [0.0965909, 0.784091, 0.0303027, 0.0890155], 
              [0.367425, 0.0359845, 0.5625, 0.0340909], 
              [0.0965909, 0.528409, 0.301136, 0.0738636], 
              [0.128788, 0.363636, 0.121212, 0.386364], 
              [0.316288, 0.270834, 0.333334, 0.0795455], 
              [0.13447, 0.24053, 0.304925, 0.320075]
            ]
          }, {
            "db": 0,
            "id": "M4459_1.02",
            "alt": "EGR1",
            "len": 20,
            "nsites": 1,
            "url": "http://cisbp.ccbr.utoronto.ca/TFreport.php?searchTF=T044306_1.02",
            "pwm": [
              [0.200019, 0.243399, 0.439551, 0.117031], 
              [0.162297, 0.192475, 0.284893, 0.360335], 
              [0.0547909, 0.0623345, 0.860147, 0.0227273], 
              [0.101943, 0.801678, 0.0227273, 0.0736518], 
              [0.0227273, 0.0227273, 0.931818, 0.0227273], 
              [0.0227273, 0.0264991, 0.531969, 0.418805], 
              [0.0717655, 0.0227273, 0.88278, 0.0227273], 
              [0.0227273, 0.0227273, 0.931818, 0.0227273], 
              [0.0227273, 0.0227273, 0.931818, 0.0227273], 
              [0.105715, 0.673425, 0.0227273, 0.198133], 
              [0.0340436, 0.0246136, 0.909185, 0.0321573], 
              [0.0717655, 0.04536, 0.716805, 0.166069], 
              [0.249057, 0.222652, 0.396171, 0.13212], 
              [0.22831, 0.181158, 0.452754, 0.137778], 
              [0.173614, 0.209449, 0.475386, 0.14155], 
              [0.179272, 0.301867, 0.369766, 0.149095], 
              [0.192475, 0.190588, 0.439551, 0.177385], 
              [0.196246, 0.250943, 0.424463, 0.128348], 
              [0.126462, 0.230196, 0.473501, 0.169842], 
              [0.169842, 0.22831, 0.460298, 0.14155]
            ]
          }, {
            "db": 0,
            "id": "M4604_1.02",
            "alt": "ZNF263",
            "len": 21,
            "nsites": 1,
            "url": "http://cisbp.ccbr.utoronto.ca/TFreport.php?searchTF=T044216_1.02",
            "pwm": [
              [0.328513, 0.11157, 0.458677, 0.10124], 
              [0.349174, 0.0392564, 0.553719, 0.0578509], 
              [0.0599173, 0.0227273, 0.894628, 0.0227273], 
              [0.0330582, 0.0475209, 0.896694, 0.0227273], 
              [0.917355, 0.0227273, 0.0227273, 0.03719], 
              [0.0289255, 0.0247936, 0.911157, 0.0351236], 
              [0.0309918, 0.247934, 0.698347, 0.0227273], 
              [0.900826, 0.0227273, 0.0475209, 0.0289255], 
              [0.0537191, 0.309917, 0.603305, 0.0330582], 
              [0.0991736, 0.227273, 0.477273, 0.196281], 
              [0.297521, 0.241735, 0.382232, 0.0785127], 
              [0.347107, 0.216942, 0.322314, 0.113636], 
              [0.117768, 0.157025, 0.582645, 0.142562], 
              [0.363636, 0.121901, 0.400826, 0.113636], 
              [0.198347, 0.0929755, 0.595041, 0.113636], 
              [0.18595, 0.154959, 0.56405, 0.0950409], 
              [0.402893, 0.134297, 0.363636, 0.0991736], 
              [0.235537, 0.0847109, 0.578512, 0.10124], 
              [0.161157, 0.161157, 0.599173, 0.0785127], 
              [0.42562, 0.109505, 0.345041, 0.119835], 
              [0.183885, 0.140495, 0.576446, 0.0991736]
            ]
          }, {
            "db": 0,
            "id": "M4612_1.02",
            "alt": "CTCFL",
            "len": 15,
            "nsites": 1,
            "url": "http://cisbp.ccbr.utoronto.ca/TFreport.php?searchTF=T044318_1.02",
            "pwm": [
              [0.0718182, 0.768182, 0.120909, 0.0390909], 
              [0.0427273, 0.891818, 0.0336364, 0.0318182], 
              [0.284545, 0.146364, 0.41, 0.159091], 
              [0.128182, 0.526364, 0.308182, 0.0372727], 
              [0.120909, 0.562727, 0.120909, 0.195455], 
              [0.771818, 0.0754545, 0.0881818, 0.0645455], 
              [0.03, 0.0245455, 0.920909, 0.0245455], 
              [0.159091, 0.0263636, 0.784545, 0.03], 
              [0.0790909, 0.0863636, 0.704545, 0.13], 
              [0.0390909, 0.0227273, 0.908182, 0.03], 
              [0.0354545, 0.0390909, 0.853636, 0.0718182], 
              [0.0936364, 0.853636, 0.03, 0.0227273], 
              [0.111818, 0.0645455, 0.760909, 0.0627273], 
              [0.0663636, 0.682727, 0.15, 0.100909], 
              [0.135455, 0.47, 0.126364, 0.268182]
            ]
          }, {
            "db": 0,
            "id": "M4640_1.02",
            "alt": "ZBTB7A",
            "len": 15,
            "nsites": 1,
            "url": "http://cisbp.ccbr.utoronto.ca/TFreport.php?searchTF=T044594_1.02",
            "pwm": [
              [0.137273, 0.242727, 0.499091, 0.120909], 
              [0.157273, 0.231818, 0.53, 0.0809091], 
              [0.148182, 0.206364, 0.548182, 0.0972727], 
              [0.139091, 0.355455, 0.353636, 0.151818], 
              [0.359091, 0.140909, 0.359091, 0.140909], 
              [0.33, 0.0263636, 0.620909, 0.0227273], 
              [0.0463636, 0.0227273, 0.862727, 0.0681818], 
              [0.0263636, 0.0227273, 0.924545, 0.0263636], 
              [0.0336364, 0.0227273, 0.920909, 0.0227273], 
              [0.0227273, 0.0227273, 0.417273, 0.537273], 
              [0.0409091, 0.895455, 0.0227273, 0.0409091], 
              [0.0609091, 0.215455, 0.328182, 0.395455], 
              [0.0718182, 0.475455, 0.271818, 0.180909], 
              [0.180909, 0.262727, 0.359091, 0.197273], 
              [0.108182, 0.239091, 0.582727, 0.07]
            ]
          }, {
            "db": 0,
            "id": "M5209_1.02",
            "alt": "(SP5)_(Drosophila_melanogaster)_(DBD_0.93)",
            "len": 11,
            "nsites": 1,
            "url": "http://cisbp.ccbr.utoronto.ca/TFreport.php?searchTF=T044833_1.02",
            "pwm": [
              [0.188016, 0.146695, 0.60124, 0.06405], 
              [0.146695, 0.0227273, 0.311984, 0.518595], 
              [0.146695, 0.0227273, 0.807851, 0.0227273], 
              [0.0227273, 0.0227273, 0.931818, 0.0227273], 
              [0.0227273, 0.0227273, 0.890495, 0.06405], 
              [0.105372, 0.807851, 0.0227273, 0.06405], 
              [0.0227273, 0.0227273, 0.931818, 0.0227273], 
              [0.0227273, 0.0227273, 0.43595, 0.518595], 
              [0.394628, 0.0227273, 0.559917, 0.0227273], 
              [0.188016, 0.105372, 0.43595, 0.270661], 
              [0.188016, 0.559917, 0.06405, 0.188016]
            ]
          }, {
            "db": 0,
            "id": "M5490_1.02",
            "alt": "GLIS1",
            "len": 16,
            "nsites": 1,
            "url": "http://cisbp.ccbr.utoronto.ca/TFreport.php?searchTF=T044557_1.02",
            "pwm": [
              [0.17159, 0.217161, 0.464542, 0.146707], 
              [0.0249982, 0.928412, 0.0232, 0.02339], 
              [0.385998, 0.0227273, 0.197452, 0.393822], 
              [0.258052, 0.0264482, 0.0231927, 0.692308], 
              [0.0273, 0.926618, 0.0227273, 0.0233545], 
              [0.0227273, 0.0227273, 0.931818, 0.0227273], 
              [0.0235118, 0.0436564, 0.02312, 0.909712], 
              [0.02313, 0.0237336, 0.929203, 0.0239345], 
              [0.0240791, 0.0227273, 0.930466, 0.0227273], 
              [0.0231036, 0.0236691, 0.929935, 0.0232927], 
              [0.0227273, 0.0248073, 0.929738, 0.0227273], 
              [0.0232982, 0.0231082, 0.930105, 0.0234882], 
              [0.0227273, 0.0231055, 0.93144, 0.0227273], 
              [0.0238764, 0.0235891, 0.0227273, 0.929807], 
              [0.118145, 0.831987, 0.0268591, 0.0230091], 
              [0.156193, 0.0377064, 0.298645, 0.507456]
            ]
          }, {
            "db": 0,
            "id": "M5491_1.02",
            "alt": "GLIS2",
            "len": 14,
            "nsites": 1,
            "url": "http://cisbp.ccbr.utoronto.ca/TFreport.php?searchTF=T044331_1.02",
            "pwm": [
              [0.0662473, 0.748756, 0.151906, 0.0330891], 
              [0.205286, 0.126517, 0.268303, 0.399894], 
              [0.238187, 0.243857, 0.0378473, 0.480108], 
              [0.0623609, 0.585645, 0.0450209, 0.306973], 
              [0.0758864, 0.0442991, 0.854776, 0.0250382], 
              [0.0554518, 0.621588, 0.0305809, 0.292378], 
              [0.0972309, 0.02348, 0.817429, 0.06186], 
              [0.0259709, 0.0227273, 0.88316, 0.0681409], 
              [0.0227273, 0.0227273, 0.930148, 0.0243973], 
              [0.03435, 0.0227273, 0.914384, 0.0285391], 
              [0.02357, 0.0227273, 0.927605, 0.0260973], 
              [0.0269245, 0.0252455, 0.922585, 0.0252455], 
              [0.0236027, 0.136583, 0.105054, 0.734761], 
              [0.268927, 0.54373, 0.123115, 0.0642282]
            ]
          }, {
            "db": 0,
            "id": "M5591_1.02",
            "alt": "KLF13",
            "len": 18,
            "nsites": 1,
            "url": "http://cisbp.ccbr.utoronto.ca/TFreport.php?searchTF=T044505_1.02",
            "pwm": [
              [0.244844, 0.509004, 0.110384, 0.135769], 
              [0.578486, 0.183273, 0.0812282, 0.157014], 
              [0.489423, 0.197401, 0.137792, 0.175385], 
              [0.748045, 0.08871, 0.0801564, 0.0830891], 
              [0.736014, 0.0416082, 0.145105, 0.0772727], 
              [0.645812, 0.02406, 0.306069, 0.02406], 
              [0.0267055, 0.0227273, 0.725334, 0.225234], 
              [0.0309127, 0.0227273, 0.923121, 0.0232391], 
              [0.0227273, 0.0227273, 0.929349, 0.0251964], 
              [0.0266973, 0.0227273, 0.927848, 0.0227273], 
              [0.0253982, 0.92143, 0.0233209, 0.02985], 
              [0.0247282, 0.0273964, 0.925148, 0.0227273], 
              [0.0227273, 0.0269027, 0.0227273, 0.927643], 
              [0.0749445, 0.0244391, 0.813687, 0.0869282], 
