MEME version 4

ALPHABET= ACGT

MOTIF pattern/Type1/motif_visualization/pwm_Motif_302.feather pattern/Type1/motif_visualization/pwm_Motif_302.feather
letter-probability matrix: alength= 4
0.018351  0.005013  0.957527  0.019109
0.010453  0.011114  0.964806  0.013626
0.307409  0.377426  0.025876  0.289289
0.430420  0.039401  0.320440  0.209739
0.125198  0.105118  0.408129  0.361556
0.426675  0.130248  0.256579  0.186497
0.317549  0.061828  0.426119  0.194504
0.182095  0.467001  0.024885  0.326019

MOTIF pattern/Type1/motif_visualization/pwm_Motif_24.feather pattern/Type1/motif_visualization/pwm_Motif_24.feather
letter-probability matrix: alength= 4
0.598448  0.280579  0.107991  0.012982
0.053373  0.008649  0.880022  0.057956
0.017909  0.034873  0.921695  0.025523
0.964965  0.011075  0.016176  0.007784
0.683696  0.021537  0.043794  0.250973
0.406219  0.066368  0.512287  0.015126
0.062013  0.226925  0.057504  0.653557
0.273772  0.130228  0.386044  0.209956

MOTIF pattern/Type1/motif_visualization/pwm_Motif_69.feather pattern/Type1/motif_visualization/pwm_Motif_69.feather
letter-probability matrix: alength= 4
0.227983  0.313191  0.137404  0.321422
0.646337  0.055603  0.263136  0.034924
0.004651  0.555162  0.076663  0.363524
0.250695  0.024648  0.017051  0.707606
0.008392  0.037237  0.009856  0.944515
0.014064  0.972282  0.008038  0.005616
0.018475  0.929917  0.004656  0.046952
0.003965  0.174154  0.230013  0.591868

MOTIF pattern/Type1/motif_visualization/pwm_Motif_119.feather pattern/Type1/motif_visualization/pwm_Motif_119.feather
letter-probability matrix: alength= 4
0.162218  0.240667  0.300093  0.297022
0.483140  0.038206  0.434783  0.043871
0.310384  0.588018  0.009468  0.092130
0.638948  0.035774  0.235113  0.090164
0.037631  0.062743  0.366578  0.533049
0.190091  0.023188  0.355667  0.431053
0.346038  0.280665  0.275394  0.097903
0.069264  0.603058  0.046237  0.281441

MOTIF pattern/Type1/motif_visualization/pwm_Motif_246.feather pattern/Type1/motif_visualization/pwm_Motif_246.feather
letter-probability matrix: alength= 4
0.107288  0.669555  0.087071  0.136086
0.439835  0.094749  0.283268  0.182148
0.045614  0.660574  0.036384  0.257427
0.373254  0.302744  0.027904  0.296098
0.070631  0.158853  0.136224  0.634292
0.074232  0.651885  0.208078  0.065805
0.034670  0.906505  0.015419  0.043406
0.055033  0.108319  0.142398  0.694250

MOTIF pattern/Type1/motif_visualization/pwm_Motif_9.feather pattern/Type1/motif_visualization/pwm_Motif_9.feather
letter-probability matrix: alength= 4
0.489884  0.039582  0.091638  0.378896
0.353812  0.086996  0.295528  0.263664
0.189244  0.037470  0.436323  0.336963
0.061014  0.489499  0.241641  0.207845
0.142301  0.475765  0.022126  0.359808
0.099241  0.642327  0.170203  0.088228
0.462530  0.139586  0.294233  0.103650
0.110692  0.003927  0.799538  0.085843

MOTIF pattern/Type1/motif_visualization/pwm_Motif_37.feather pattern/Type1/motif_visualization/pwm_Motif_37.feather
letter-probability matrix: alength= 4
0.285736  0.188966  0.247469  0.277829
0.286971  0.213025  0.244614  0.255390
0.370171  0.503239  0.123366  0.003224
0.002961  0.011815  0.006945  0.978278
0.223234  0.130383  0.330769  0.315614
0.011444  0.450313  0.515369  0.022874
0.446418  0.004109  0.267651  0.281822
0.315889  0.311419  0.059020  0.313672

MOTIF pattern/Type1/motif_visualization/pwm_Motif_245.feather pattern/Type1/motif_visualization/pwm_Motif_245.feather
letter-probability matrix: alength= 4
0.043598  0.028347  0.875538  0.052516
0.246700  0.346232  0.236209  0.170859
0.332856  0.312938  0.219963  0.134243
0.084434  0.041823  0.254254  0.619489
0.044935  0.220590  0.680535  0.053941
0.559086  0.128354  0.099826  0.212734
0.055183  0.095082  0.746516  0.103219
0.130854  0.541811  0.040019  0.287316

MOTIF pattern/Type1/motif_visualization/pwm_Motif_150.feather pattern/Type1/motif_visualization/pwm_Motif_150.feather
letter-probability matrix: alength= 4
0.292267  0.191144  0.118226  0.398364
0.532383  0.091679  0.244006  0.131932
0.536977  0.017964  0.418509  0.026551
0.215084  0.020451  0.436266  0.328199
0.165305  0.022627  0.507141  0.304927
0.015973  0.005677  0.938639  0.039710
0.064857  0.065252  0.563601  0.306291
0.184144  0.724254  0.038749  0.052854

MOTIF pattern/Type1/motif_visualization/pwm_Motif_96.feather pattern/Type1/motif_visualization/pwm_Motif_96.feather
letter-probability matrix: alength= 4
0.227927  0.239986  0.227884  0.304203
0.245874  0.194624  0.208293  0.351209
0.350496  0.378311  0.255496  0.015697
0.017147  0.019129  0.010143  0.953582
0.026655  0.048705  0.044676  0.879965
0.215521  0.012307  0.299510  0.472662
0.095988  0.644847  0.104927  0.154238
0.195999  0.139314  0.480277  0.184410

MOTIF pattern/Type1/motif_visualization/pwm_Motif_55.feather pattern/Type1/motif_visualization/pwm_Motif_55.feather
letter-probability matrix: alength= 4
0.092265  0.818276  0.031517  0.057943
0.497857  0.090823  0.260086  0.151235
0.067312  0.540690  0.256353  0.135645
0.282419  0.296111  0.191077  0.230393
0.438087  0.029890  0.105441  0.426582
0.021966  0.017865  0.940411  0.019758
0.491946  0.087985  0.295005  0.125065
0.052847  0.161952  0.461261  0.323939

MOTIF pattern/Type1/motif_visualization/pwm_Motif_300.feather pattern/Type1/motif_visualization/pwm_Motif_300.feather
letter-probability matrix: alength= 4
0.186514  0.397797  0.177245  0.238444
0.847690  0.055513  0.060029  0.036767
0.020176  0.675286  0.274187  0.030351
0.025902  0.270495  0.680254  0.023348
0.037615  0.041577  0.044811  0.875996
0.210790  0.170399  0.389868  0.228943
0.268732  0.188497  0.265217  0.277554
0.253580  0.235540  0.260060  0.250819

MOTIF pattern/Type1/motif_visualization/pwm_Motif_78.feather pattern/Type1/motif_visualization/pwm_Motif_78.feather
letter-probability matrix: alength= 4
0.100973  0.041350  0.823508  0.034169
0.156598  0.029933  0.546260  0.267208
0.148937  0.061125  0.590945  0.198994
0.009492  0.008736  0.946840  0.034932
0.029976  0.032818  0.635926  0.301280
0.172973  0.596126  0.125238  0.105663
0.329495  0.101921  0.438735  0.129848
0.097093  0.321600  0.381196  0.200110

MOTIF pattern/Type1/motif_visualization/pwm_Motif_118.feather pattern/Type1/motif_visualization/pwm_Motif_118.feather
letter-probability matrix: alength= 4
0.270312  0.127181  0.263026  0.339481
0.218422  0.092620  0.506986  0.181973
0.092545  0.438427  0.012477  0.456551
0.570104  0.021544  0.357522  0.050830
0.240569  0.393582  0.223735  0.142114
0.434171  0.249376  0.240997  0.075457
0.007589  0.009544  0.087869  0.894998
0.190527  0.113596  0.414603  0.281274

MOTIF pattern/Type1/motif_visualization/pwm_Motif_214.feather pattern/Type1/motif_visualization/pwm_Motif_214.feather
letter-probability matrix: alength= 4
0.085060  0.365786  0.020202  0.528952
0.190762  0.044429  0.558292  0.206517
0.058489  0.851527  0.051384  0.038599
0.218090  0.517524  0.058365  0.206020
0.257952  0.442117  0.145132  0.154799
0.492957  0.128094  0.181145  0.197804
0.126423  0.396576  0.405402  0.071598
0.209189  0.056151  0.062925  0.671734

MOTIF pattern/Type1/motif_visualization/pwm_Motif_22.feather pattern/Type1/motif_visualization/pwm_Motif_22.feather
letter-probability matrix: alength= 4
0.269381  0.124150  0.465861  0.140607
0.314374  0.317803  0.099276  0.268547
0.178758  0.540033  0.164104  0.117106
0.324456  0.083099  0.088854  0.503592
0.187314  0.663806  0.034215  0.114665
0.415739  0.019369  0.521796  0.043096
0.075011  0.334885  0.017755  0.572348
0.093645  0.288089  0.436214  0.182052

MOTIF pattern/Type1/motif_visualization/pwm_Motif_222.feather pattern/Type1/motif_visualization/pwm_Motif_222.feather
letter-probability matrix: alength= 4
0.302896  0.236542  0.027073  0.433489
0.230374  0.060968  0.551153  0.157505
0.076843  0.100747  0.743995  0.078415
0.221441  0.413634  0.208244  0.156681
0.127350  0.573132  0.220388  0.079130
0.064623  0.691436  0.018998  0.224943
0.180870  0.480623  0.038501  0.300006
0.182601  0.040755  0.157479  0.619164

MOTIF pattern/Type1/motif_visualization/pwm_Motif_0.feather pattern/Type1/motif_visualization/pwm_Motif_0.feather
letter-probability matrix: alength= 4
0.135681  0.197724  0.599433  0.067162
0.007542  0.008779  0.545302  0.438377
0.349835  0.590341  0.019340  0.040484
0.942864  0.036652  0.006346  0.014139
0.018789  0.198390  0.437942  0.344879
0.236343  0.272667  0.235595  0.255394
0.216452  0.279637  0.220897  0.283014
0.263814  0.175369  0.312419  0.248398

