MEME version 4

ALPHABET= ACGT

MOTIF pattern/Type1/motif_visualization/pwm_Motif_185.feather pattern/Type1/motif_visualization/pwm_Motif_185.feather
letter-probability matrix: alength= 4
0.219437  0.292064  0.295871  0.192628
0.214819  0.296839  0.288258  0.200083
0.181743  0.299244  0.318575  0.200439
0.067773  0.382391  0.439827  0.110009
0.014482  0.979216  0.004948  0.001353
0.000978  0.002038  0.995097  0.001887
0.130676  0.401959  0.368270  0.099095
0.194355  0.302561  0.327642  0.175442

MOTIF pattern/Type1/motif_visualization/pwm_Motif_106.feather pattern/Type1/motif_visualization/pwm_Motif_106.feather
letter-probability matrix: alength= 4
0.216701  0.335002  0.245903  0.202393
0.275789  0.099760  0.389701  0.234750
0.003837  0.984680  0.006044  0.005439
0.003802  0.006496  0.985562  0.004140
0.230767  0.311532  0.185363  0.272338
0.233733  0.210628  0.309988  0.245650
0.227156  0.250033  0.285191  0.237620
0.231078  0.273710  0.245212  0.250000

MOTIF pattern/Type1/motif_visualization/pwm_Motif_29.feather pattern/Type1/motif_visualization/pwm_Motif_29.feather
letter-probability matrix: alength= 4
0.249967  0.305617  0.173768  0.270648
0.234986  0.343312  0.163693  0.258009
0.378311  0.366407  0.089818  0.165464
0.414278  0.030116  0.554979  0.000627
0.028026  0.005301  0.940612  0.026061
0.261001  0.626794  0.019588  0.092617
0.102911  0.466671  0.011551  0.418867
0.257065  0.203714  0.260192  0.279029

MOTIF pattern/Type1/motif_visualization/pwm_Motif_4.feather pattern/Type1/motif_visualization/pwm_Motif_4.feather
letter-probability matrix: alength= 4
0.242599  0.243624  0.298589  0.215188
0.245926  0.261405  0.268967  0.223702
0.247181  0.268975  0.242261  0.241582
0.210879  0.327455  0.245724  0.215942
0.282575  0.348337  0.129178  0.239910
0.000000  1.000000  0.000000  0.000000
0.000000  0.000000  1.000000  0.000000
0.235576  0.146347  0.340188  0.277888

MOTIF pattern/Type1/motif_visualization/pwm_Motif_275.feather pattern/Type1/motif_visualization/pwm_Motif_275.feather
letter-probability matrix: alength= 4
0.124998  0.431505  0.376373  0.067124
0.092831  0.617989  0.085048  0.204131
0.121492  0.221577  0.442425  0.214506
0.135829  0.819561  0.022263  0.022348
0.080708  0.890092  0.016511  0.012689
0.278756  0.408580  0.143617  0.169047
0.073599  0.695273  0.041693  0.189435
0.035853  0.910055  0.019747  0.034345

MOTIF pattern/Type1/motif_visualization/pwm_Motif_78.feather pattern/Type1/motif_visualization/pwm_Motif_78.feather
letter-probability matrix: alength= 4
0.100973  0.041350  0.823508  0.034169
0.156598  0.029933  0.546260  0.267208
0.148937  0.061125  0.590945  0.198994
0.009492  0.008736  0.946840  0.034932
0.029976  0.032818  0.635926  0.301280
0.172973  0.596126  0.125238  0.105663
0.329495  0.101921  0.438735  0.129848
0.097093  0.321600  0.381196  0.200110

MOTIF pattern/Type1/motif_visualization/pwm_Motif_291.feather pattern/Type1/motif_visualization/pwm_Motif_291.feather
letter-probability matrix: alength= 4
0.476512  0.100593  0.220371  0.202524
0.034237  0.014400  0.926468  0.024896
0.228893  0.025304  0.684864  0.060939
0.092464  0.039369  0.709949  0.158218
0.091961  0.089601  0.733582  0.084855
0.060272  0.046145  0.848944  0.044638
0.255412  0.344075  0.222204  0.178308
0.225060  0.019831  0.743311  0.011797

MOTIF pattern/Type1/motif_visualization/pwm_Motif_278.feather pattern/Type1/motif_visualization/pwm_Motif_278.feather
letter-probability matrix: alength= 4
0.029139  0.678694  0.062531  0.229637
0.073849  0.055105  0.509091  0.361955
0.117883  0.857549  0.019327  0.005241
0.063129  0.841278  0.025361  0.070233
0.283881  0.524021  0.041787  0.150311
0.075224  0.393753  0.023828  0.507195
0.017785  0.874920  0.028706  0.078590
0.130772  0.045880  0.075609  0.747740

MOTIF pattern/Type1/motif_visualization/pwm_Motif_125.feather pattern/Type1/motif_visualization/pwm_Motif_125.feather
letter-probability matrix: alength= 4
0.352760  0.122601  0.158449  0.366189
0.108814  0.470843  0.242970  0.177373
0.111032  0.049018  0.467250  0.372700
0.349066  0.012645  0.016902  0.621387
0.293357  0.598064  0.049537  0.059042
0.380847  0.178013  0.320452  0.120689
0.397465  0.096856  0.226338  0.279341
0.301256  0.264584  0.124340  0.309821

MOTIF pattern/Type1/motif_visualization/pwm_Motif_100.feather pattern/Type1/motif_visualization/pwm_Motif_100.feather
letter-probability matrix: alength= 4
0.414358  0.035719  0.500925  0.048998
0.027463  0.013406  0.921276  0.037855
0.216880  0.028633  0.724622  0.029864
0.208917  0.175633  0.290671  0.324780
0.019566  0.016695  0.846061  0.117678
0.020790  0.017188  0.865282  0.096740
0.231680  0.335954  0.354240  0.078126
0.243198  0.046136  0.666405  0.044261

