MEME version 4

ALPHABET= ACGT

MOTIF pattern/Type1/motif_visualization/pwm_Motif_156.feather pattern/Type1/motif_visualization/pwm_Motif_156.feather
letter-probability matrix: alength= 4
0.185620  0.307641  0.232387  0.274352
0.014302  0.774408  0.010858  0.200432
0.024038  0.005285  0.099310  0.871368
0.075575  0.176979  0.727755  0.019691
0.059748  0.483067  0.386135  0.071050
0.240561  0.528995  0.043830  0.186615
0.477798  0.099771  0.258873  0.163559
0.230457  0.259807  0.231995  0.277741

MOTIF pattern/Type1/motif_visualization/pwm_Motif_85.feather pattern/Type1/motif_visualization/pwm_Motif_85.feather
letter-probability matrix: alength= 4
0.411638  0.298807  0.286200  0.003355
0.308907  0.169040  0.263086  0.258966
0.326010  0.145032  0.309070  0.219889
0.210917  0.186175  0.347535  0.255372
0.249799  0.210334  0.314870  0.224997
0.470671  0.271337  0.027066  0.230926
0.933001  0.024231  0.022013  0.020755
0.921833  0.022198  0.034047  0.021922

MOTIF pattern/Type1/motif_visualization/pwm_Motif_4.feather pattern/Type1/motif_visualization/pwm_Motif_4.feather
letter-probability matrix: alength= 4
0.242599  0.243624  0.298589  0.215188
0.245926  0.261405  0.268967  0.223702
0.247181  0.268975  0.242261  0.241582
0.210879  0.327455  0.245724  0.215942
0.282575  0.348337  0.129178  0.239910
0.000000  1.000000  0.000000  0.000000
0.000000  0.000000  1.000000  0.000000
0.235576  0.146347  0.340188  0.277888

MOTIF pattern/Type1/motif_visualization/pwm_Motif_92.feather pattern/Type1/motif_visualization/pwm_Motif_92.feather
letter-probability matrix: alength= 4
0.557747  0.123952  0.059089  0.259212
0.482421  0.045157  0.050494  0.421929
0.110664  0.332377  0.496259  0.060701
0.132229  0.424577  0.078975  0.364219
0.316573  0.115912  0.464543  0.102973
0.410206  0.106636  0.353785  0.129373
0.580709  0.097128  0.029531  0.292632
0.439922  0.040293  0.026527  0.493258

MOTIF pattern/Type1/motif_visualization/pwm_Motif_15.feather pattern/Type1/motif_visualization/pwm_Motif_15.feather
letter-probability matrix: alength= 4
0.269007  0.111167  0.397513  0.222313
0.440820  0.036017  0.350230  0.172932
0.616768  0.033506  0.245590  0.104136
0.070690  0.120301  0.794926  0.014083
0.406776  0.183249  0.350527  0.059448
0.894307  0.057986  0.015709  0.031999
0.095690  0.077418  0.682768  0.144124
0.317958  0.277917  0.190672  0.213453

MOTIF pattern/Type1/motif_visualization/pwm_Motif_66.feather pattern/Type1/motif_visualization/pwm_Motif_66.feather
letter-probability matrix: alength= 4
0.193844  0.278270  0.146504  0.381382
0.329898  0.135800  0.223482  0.310820
0.102591  0.368938  0.445459  0.083011
0.273764  0.042000  0.018570  0.665667
0.106299  0.038714  0.036181  0.818806
0.483906  0.031212  0.059207  0.425675
0.396331  0.429116  0.046121  0.128432
0.153581  0.583360  0.120310  0.142750

MOTIF pattern/Type1/motif_visualization/pwm_Motif_106.feather pattern/Type1/motif_visualization/pwm_Motif_106.feather
letter-probability matrix: alength= 4
0.216701  0.335002  0.245903  0.202393
0.275789  0.099760  0.389701  0.234750
0.003837  0.984680  0.006044  0.005439
0.003802  0.006496  0.985562  0.004140
0.230767  0.311532  0.185363  0.272338
0.233733  0.210628  0.309988  0.245650
0.227156  0.250033  0.285191  0.237620
0.231078  0.273710  0.245212  0.250000

MOTIF pattern/Type1/motif_visualization/pwm_Motif_274.feather pattern/Type1/motif_visualization/pwm_Motif_274.feather
letter-probability matrix: alength= 4
0.231837  0.235343  0.242258  0.290561
0.232959  0.227807  0.269113  0.270121
0.266939  0.196567  0.275484  0.261010
0.271128  0.274595  0.233405  0.220872
0.216861  0.372984  0.228665  0.181490
0.266443  0.275183  0.276994  0.181380
0.015955  0.960797  0.010527  0.012721
0.009718  0.006192  0.960407  0.023683

MOTIF pattern/Type1/motif_visualization/pwm_Motif_99.feather pattern/Type1/motif_visualization/pwm_Motif_99.feather
letter-probability matrix: alength= 4
0.030011  0.133905  0.118756  0.717328
0.412536  0.016015  0.548307  0.023141
0.033939  0.218309  0.629802  0.117950
0.156864  0.465307  0.065088  0.312740
0.357504  0.030902  0.462673  0.148921
0.250387  0.462719  0.233231  0.053663
0.084043  0.460995  0.021335  0.433626
0.418728  0.239604  0.258051  0.083617

MOTIF pattern/Type1/motif_visualization/pwm_Motif_259.feather pattern/Type1/motif_visualization/pwm_Motif_259.feather
letter-probability matrix: alength= 4
0.286020  0.234780  0.239060  0.240140
0.356127  0.058913  0.288860  0.296100
0.000238  0.057784  0.941875  0.000102
0.000106  0.000035  0.999783  0.000076
0.999615  0.000020  0.000319  0.000046
0.339067  0.152167  0.319117  0.189649
0.308277  0.177843  0.277992  0.235887
0.288826  0.216831  0.240680  0.253664

MOTIF pattern/Type1/motif_visualization/pwm_Motif_125.feather pattern/Type1/motif_visualization/pwm_Motif_125.feather
letter-probability matrix: alength= 4
0.352760  0.122601  0.158449  0.366189
0.108814  0.470843  0.242970  0.177373
0.111032  0.049018  0.467250  0.372700
0.349066  0.012645  0.016902  0.621387
0.293357  0.598064  0.049537  0.059042
0.380847  0.178013  0.320452  0.120689
0.397465  0.096856  0.226338  0.279341
0.301256  0.264584  0.124340  0.309821

MOTIF pattern/Type1/motif_visualization/pwm_Motif_73.feather pattern/Type1/motif_visualization/pwm_Motif_73.feather
letter-probability matrix: alength= 4
0.307122  0.000000  0.386353  0.306525
0.208634  0.277745  0.332326  0.181295
0.000000  1.000000  0.000000  0.000000
0.000000  0.000000  1.000000  0.000000
0.204748  0.271267  0.285834  0.238151
0.226329  0.245439  0.311083  0.217148
0.240668  0.233486  0.285199  0.240647
0.220192  0.264747  0.276955  0.238105

MOTIF pattern/Type1/motif_visualization/pwm_Motif_280.feather pattern/Type1/motif_visualization/pwm_Motif_280.feather
letter-probability matrix: alength= 4
0.262591  0.096066  0.181880  0.459463
0.027404  0.301968  0.096331  0.574297
0.014158  0.936797  0.020095  0.028951
0.047462  0.854132  0.042575  0.055831
0.112055  0.461885  0.150168  0.275892
0.228194  0.350938  0.281697  0.139171
0.213041  0.153107  0.322970  0.310883
0.278799  0.253732  0.195209  0.272260

MOTIF pattern/Type1/motif_visualization/pwm_Motif_154.feather pattern/Type1/motif_visualization/pwm_Motif_154.feather
letter-probability matrix: alength= 4
0.100876  0.300518  0.296311  0.302295
0.449850  0.252726  0.093616  0.203808
0.258147  0.282889  0.352609  0.106355
0.099354  0.409367  0.051803  0.439476
0.123948  0.048390  0.689035  0.138628
0.118634  0.770647  0.058208  0.052510
0.047714  0.815275  0.100975  0.036036
0.628974  0.200269  0.045636  0.125120

MOTIF pattern/Type1/motif_visualization/pwm_Motif_143.feather pattern/Type1/motif_visualization/pwm_Motif_143.feather
letter-probability matrix: alength= 4
0.198213  0.096286  0.221629  0.483871
0.118433  0.035563  0.799852  0.046152
0.051922  0.053455  0.506268  0.388356
0.093926  0.780253  0.026820  0.099001
0.502776  0.058028  0.345604  0.093593
0.136118  0.481919  0.202133  0.179829
0.173084  0.383787  0.091426  0.351702
0.364614  0.416612  0.150154  0.068620

MOTIF pattern/Type1/motif_visualization/pwm_Motif_209.feather pattern/Type1/motif_visualization/pwm_Motif_209.feather
letter-probability matrix: alength= 4
0.360093  0.211641  0.099841  0.328425
0.318699  0.343805  0.083987  0.253509
0.455060  0.009041  0.011710  0.524189
0.165088  0.003575  0.763532  0.067805
0.047509  0.877558  0.024905  0.050028
0.480256  0.130566  0.142335  0.246844
0.224242  0.233408  0.238397  0.303954
0.395193  0.229792  0.154213  0.220802

MOTIF pattern/Type1/motif_visualization/pwm_Motif_0.feather pattern/Type1/motif_visualization/pwm_Motif_0.feather
letter-probability matrix: alength= 4
0.135681  0.197724  0.599433  0.067162
0.007542  0.008779  0.545302  0.438377
0.349835  0.590341  0.019340  0.040484
0.942864  0.036652  0.006346  0.014139
0.018789  0.198390  0.437942  0.344879
0.236343  0.272667  0.235595  0.255394
0.216452  0.279637  0.220897  0.283014
0.263814  0.175369  0.312419  0.248398

MOTIF pattern/Type1/motif_visualization/pwm_Motif_33.feather pattern/Type1/motif_visualization/pwm_Motif_33.feather
letter-probability matrix: alength= 4
0.544908  0.265889  0.151703  0.037500
0.051713  0.519184  0.068531  0.360572
0.732879  0.014881  0.197697  0.054543
0.069988  0.079673  0.753465  0.096874
0.289629  0.441290  0.093752  0.175329
0.046015  0.110086  0.346826  0.497072
0.092913  0.268487  0.494490  0.144111
0.101064  0.506592  0.168863  0.223482

MOTIF pattern/Type1/motif_visualization/pwm_Motif_67.feather pattern/Type1/motif_visualization/pwm_Motif_67.feather
letter-probability matrix: alength= 4
0.866787  0.027336  0.074733  0.031144
0.929253  0.016580  0.032009  0.022157
0.620640  0.124247  0.089543  0.165569
0.326374  0.262535  0.150817  0.260273
0.354460  0.250213  0.229453  0.165874
0.313298  0.284264  0.232339  0.170099
0.138781  0.429903  0.174314  0.257001
0.122641  0.321029  0.149106  0.407224

MOTIF pattern/Type1/motif_visualization/pwm_Motif_112.feather pattern/Type1/motif_visualization/pwm_Motif_112.feather
letter-probability matrix: alength= 4
0.475377  0.010287  0.470639  0.043697
0.095541  0.014449  0.646460  0.243550
0.514512  0.394188  0.059877  0.031423
0.033135  0.175034  0.328779  0.463052
0.283566  0.626488  0.012224  0.077722
0.111174  0.471470  0.042821  0.374535
0.390744  0.221388  0.189445  0.198424
0.225096  0.222954  0.202889  0.349061

