MEME version 4

ALPHABET= ACGT

MOTIF pattern/Type1/motif_visualization/pwm_Motif_22.feather pattern/Type1/motif_visualization/pwm_Motif_22.feather
letter-probability matrix: alength= 4
0.269381  0.124150  0.465861  0.140607
0.314374  0.317803  0.099276  0.268547
0.178758  0.540033  0.164104  0.117106
0.324456  0.083099  0.088854  0.503592
0.187314  0.663806  0.034215  0.114665
0.415739  0.019369  0.521796  0.043096
0.075011  0.334885  0.017755  0.572348
0.093645  0.288089  0.436214  0.182052

MOTIF pattern/Type1/motif_visualization/pwm_Motif_143.feather pattern/Type1/motif_visualization/pwm_Motif_143.feather
letter-probability matrix: alength= 4
0.198213  0.096286  0.221629  0.483871
0.118433  0.035563  0.799852  0.046152
0.051922  0.053455  0.506268  0.388356
0.093926  0.780253  0.026820  0.099001
0.502776  0.058028  0.345604  0.093593
0.136118  0.481919  0.202133  0.179829
0.173084  0.383787  0.091426  0.351702
0.364614  0.416612  0.150154  0.068620

MOTIF pattern/Type1/motif_visualization/pwm_Motif_278.feather pattern/Type1/motif_visualization/pwm_Motif_278.feather
letter-probability matrix: alength= 4
0.029139  0.678694  0.062531  0.229637
0.073849  0.055105  0.509091  0.361955
0.117883  0.857549  0.019327  0.005241
0.063129  0.841278  0.025361  0.070233
0.283881  0.524021  0.041787  0.150311
0.075224  0.393753  0.023828  0.507195
0.017785  0.874920  0.028706  0.078590
0.130772  0.045880  0.075609  0.747740

MOTIF pattern/Type1/motif_visualization/pwm_Motif_154.feather pattern/Type1/motif_visualization/pwm_Motif_154.feather
letter-probability matrix: alength= 4
0.100876  0.300518  0.296311  0.302295
0.449850  0.252726  0.093616  0.203808
0.258147  0.282889  0.352609  0.106355
0.099354  0.409367  0.051803  0.439476
0.123948  0.048390  0.689035  0.138628
0.118634  0.770647  0.058208  0.052510
0.047714  0.815275  0.100975  0.036036
0.628974  0.200269  0.045636  0.125120

MOTIF pattern/Type1/motif_visualization/pwm_Motif_6.feather pattern/Type1/motif_visualization/pwm_Motif_6.feather
letter-probability matrix: alength= 4
0.802139  0.026598  0.009212  0.162050
0.068888  0.382180  0.483099  0.065833
0.225843  0.082977  0.154059  0.537122
0.222177  0.206448  0.348441  0.222934
0.276880  0.044227  0.438484  0.240409
0.068003  0.029528  0.814616  0.087853
0.230836  0.430527  0.061779  0.276858
0.321040  0.025314  0.608087  0.045558

MOTIF pattern/Type1/motif_visualization/pwm_Motif_168.feather pattern/Type1/motif_visualization/pwm_Motif_168.feather
letter-probability matrix: alength= 4
0.116215  0.124720  0.503505  0.255560
0.156840  0.052615  0.635312  0.155233
0.105712  0.159520  0.632353  0.102415
0.142283  0.209359  0.273827  0.374531
0.135979  0.072924  0.641991  0.149106
0.206177  0.589087  0.175206  0.029530
0.030415  0.878307  0.033381  0.057897
0.584719  0.320831  0.024047  0.070403

MOTIF pattern/Type1/motif_visualization/pwm_Motif_9.feather pattern/Type1/motif_visualization/pwm_Motif_9.feather
letter-probability matrix: alength= 4
0.489884  0.039582  0.091638  0.378896
0.353812  0.086996  0.295528  0.263664
0.189244  0.037470  0.436323  0.336963
0.061014  0.489499  0.241641  0.207845
0.142301  0.475765  0.022126  0.359808
0.099241  0.642327  0.170203  0.088228
0.462530  0.139586  0.294233  0.103650
0.110692  0.003927  0.799538  0.085843

MOTIF pattern/Type1/motif_visualization/pwm_Motif_125.feather pattern/Type1/motif_visualization/pwm_Motif_125.feather
letter-probability matrix: alength= 4
0.352760  0.122601  0.158449  0.366189
0.108814  0.470843  0.242970  0.177373
0.111032  0.049018  0.467250  0.372700
0.349066  0.012645  0.016902  0.621387
0.293357  0.598064  0.049537  0.059042
0.380847  0.178013  0.320452  0.120689
0.397465  0.096856  0.226338  0.279341
0.301256  0.264584  0.124340  0.309821

MOTIF pattern/Type1/motif_visualization/pwm_Motif_133.feather pattern/Type1/motif_visualization/pwm_Motif_133.feather
letter-probability matrix: alength= 4
0.261392  0.044832  0.514912  0.178863
0.221990  0.656065  0.088301  0.033643
0.488844  0.437094  0.020606  0.053456
0.346167  0.064787  0.476989  0.112057
0.040549  0.417471  0.276969  0.265011
0.307355  0.476693  0.068637  0.147316
0.440159  0.062489  0.011576  0.485776
0.228658  0.025552  0.591800  0.153990

MOTIF pattern/Type1/motif_visualization/pwm_Motif_99.feather pattern/Type1/motif_visualization/pwm_Motif_99.feather
letter-probability matrix: alength= 4
0.030011  0.133905  0.118756  0.717328
0.412536  0.016015  0.548307  0.023141
0.033939  0.218309  0.629802  0.117950
0.156864  0.465307  0.065088  0.312740
0.357504  0.030902  0.462673  0.148921
0.250387  0.462719  0.233231  0.053663
0.084043  0.460995  0.021335  0.433626
0.418728  0.239604  0.258051  0.083617

MOTIF pattern/Type1/motif_visualization/pwm_Motif_214.feather pattern/Type1/motif_visualization/pwm_Motif_214.feather
letter-probability matrix: alength= 4
0.085060  0.365786  0.020202  0.528952
0.190762  0.044429  0.558292  0.206517
0.058489  0.851527  0.051384  0.038599
0.218090  0.517524  0.058365  0.206020
0.257952  0.442117  0.145132  0.154799
0.492957  0.128094  0.181145  0.197804
0.126423  0.396576  0.405402  0.071598
0.209189  0.056151  0.062925  0.671734

MOTIF pattern/Type1/motif_visualization/pwm_Motif_222.feather pattern/Type1/motif_visualization/pwm_Motif_222.feather
letter-probability matrix: alength= 4
0.302896  0.236542  0.027073  0.433489
0.230374  0.060968  0.551153  0.157505
0.076843  0.100747  0.743995  0.078415
0.221441  0.413634  0.208244  0.156681
0.127350  0.573132  0.220388  0.079130
0.064623  0.691436  0.018998  0.224943
0.180870  0.480623  0.038501  0.300006
0.182601  0.040755  0.157479  0.619164

