MEME version 4

ALPHABET= ACGT

MOTIF pattern/Type1/motif_visualization/pwm_Motif_0.feather pattern/Type1/motif_visualization/pwm_Motif_0.feather
letter-probability matrix: alength= 4
0.135681  0.197724  0.599433  0.067162
0.007542  0.008779  0.545302  0.438377
0.349835  0.590341  0.019340  0.040484
0.942864  0.036652  0.006346  0.014139
0.018789  0.198390  0.437942  0.344879
0.236343  0.272667  0.235595  0.255394
0.216452  0.279637  0.220897  0.283014
0.263814  0.175369  0.312419  0.248398

MOTIF pattern/Type1/motif_visualization/pwm_Motif_154.feather pattern/Type1/motif_visualization/pwm_Motif_154.feather
letter-probability matrix: alength= 4
0.100876  0.300518  0.296311  0.302295
0.449850  0.252726  0.093616  0.203808
0.258147  0.282889  0.352609  0.106355
0.099354  0.409367  0.051803  0.439476
0.123948  0.048390  0.689035  0.138628
0.118634  0.770647  0.058208  0.052510
0.047714  0.815275  0.100975  0.036036
0.628974  0.200269  0.045636  0.125120

MOTIF pattern/Type1/motif_visualization/pwm_Motif_143.feather pattern/Type1/motif_visualization/pwm_Motif_143.feather
letter-probability matrix: alength= 4
0.198213  0.096286  0.221629  0.483871
0.118433  0.035563  0.799852  0.046152
0.051922  0.053455  0.506268  0.388356
0.093926  0.780253  0.026820  0.099001
0.502776  0.058028  0.345604  0.093593
0.136118  0.481919  0.202133  0.179829
0.173084  0.383787  0.091426  0.351702
0.364614  0.416612  0.150154  0.068620

MOTIF pattern/Type1/motif_visualization/pwm_Motif_278.feather pattern/Type1/motif_visualization/pwm_Motif_278.feather
letter-probability matrix: alength= 4
0.029139  0.678694  0.062531  0.229637
0.073849  0.055105  0.509091  0.361955
0.117883  0.857549  0.019327  0.005241
0.063129  0.841278  0.025361  0.070233
0.283881  0.524021  0.041787  0.150311
0.075224  0.393753  0.023828  0.507195
0.017785  0.874920  0.028706  0.078590
0.130772  0.045880  0.075609  0.747740

MOTIF pattern/Type1/motif_visualization/pwm_Motif_125.feather pattern/Type1/motif_visualization/pwm_Motif_125.feather
letter-probability matrix: alength= 4
0.352760  0.122601  0.158449  0.366189
0.108814  0.470843  0.242970  0.177373
0.111032  0.049018  0.467250  0.372700
0.349066  0.012645  0.016902  0.621387
0.293357  0.598064  0.049537  0.059042
0.380847  0.178013  0.320452  0.120689
0.397465  0.096856  0.226338  0.279341
0.301256  0.264584  0.124340  0.309821

