MEME version 4

ALPHABET= ACGT

MOTIF pattern/Type1/motif_visualization/pwm_Motif_185.feather pattern/Type1/motif_visualization/pwm_Motif_185.feather
letter-probability matrix: alength= 4
0.219437  0.292064  0.295871  0.192628
0.214819  0.296839  0.288258  0.200083
0.181743  0.299244  0.318575  0.200439
0.067773  0.382391  0.439827  0.110009
0.014482  0.979216  0.004948  0.001353
0.000978  0.002038  0.995097  0.001887
0.130676  0.401959  0.368270  0.099095
0.194355  0.302561  0.327642  0.175442

MOTIF pattern/Type1/motif_visualization/pwm_Motif_100.feather pattern/Type1/motif_visualization/pwm_Motif_100.feather
letter-probability matrix: alength= 4
0.414358  0.035719  0.500925  0.048998
0.027463  0.013406  0.921276  0.037855
0.216880  0.028633  0.724622  0.029864
0.208917  0.175633  0.290671  0.324780
0.019566  0.016695  0.846061  0.117678
0.020790  0.017188  0.865282  0.096740
0.231680  0.335954  0.354240  0.078126
0.243198  0.046136  0.666405  0.044261

MOTIF pattern/Type1/motif_visualization/pwm_Motif_59.feather pattern/Type1/motif_visualization/pwm_Motif_59.feather
letter-probability matrix: alength= 4
0.165020  0.160201  0.488497  0.186281
0.224445  0.126093  0.501731  0.147730
0.207831  0.071327  0.582924  0.137918
0.090733  0.023354  0.814613  0.071299
0.044617  0.013846  0.891574  0.049963
0.079741  0.065591  0.782297  0.072371
0.167902  0.114325  0.516798  0.200976
0.188869  0.381672  0.277754  0.151705

MOTIF pattern/Type1/motif_visualization/pwm_Motif_275.feather pattern/Type1/motif_visualization/pwm_Motif_275.feather
letter-probability matrix: alength= 4
0.124998  0.431505  0.376373  0.067124
0.092831  0.617989  0.085048  0.204131
0.121492  0.221577  0.442425  0.214506
0.135829  0.819561  0.022263  0.022348
0.080708  0.890092  0.016511  0.012689
0.278756  0.408580  0.143617  0.169047
0.073599  0.695273  0.041693  0.189435
0.035853  0.910055  0.019747  0.034345

MOTIF pattern/Type1/motif_visualization/pwm_Motif_291.feather pattern/Type1/motif_visualization/pwm_Motif_291.feather
letter-probability matrix: alength= 4
0.476512  0.100593  0.220371  0.202524
0.034237  0.014400  0.926468  0.024896
0.228893  0.025304  0.684864  0.060939
0.092464  0.039369  0.709949  0.158218
0.091961  0.089601  0.733582  0.084855
0.060272  0.046145  0.848944  0.044638
0.255412  0.344075  0.222204  0.178308
0.225060  0.019831  0.743311  0.011797

MOTIF pattern/Type1/motif_visualization/pwm_Motif_241.feather pattern/Type1/motif_visualization/pwm_Motif_241.feather
letter-probability matrix: alength= 4
0.092472  0.614125  0.085552  0.207851
0.090981  0.413840  0.290155  0.205023
0.156715  0.788828  0.020239  0.034218
0.083321  0.881890  0.011283  0.023506
0.283168  0.411152  0.112304  0.193376
0.048417  0.763260  0.033928  0.154396
0.045534  0.858451  0.023548  0.072466
0.089286  0.517035  0.043264  0.350415

MOTIF pattern/Type1/motif_visualization/pwm_Motif_78.feather pattern/Type1/motif_visualization/pwm_Motif_78.feather
letter-probability matrix: alength= 4
0.100973  0.041350  0.823508  0.034169
0.156598  0.029933  0.546260  0.267208
0.148937  0.061125  0.590945  0.198994
0.009492  0.008736  0.946840  0.034932
0.029976  0.032818  0.635926  0.301280
0.172973  0.596126  0.125238  0.105663
0.329495  0.101921  0.438735  0.129848
0.097093  0.321600  0.381196  0.200110

MOTIF pattern/Type1/motif_visualization/pwm_Motif_168.feather pattern/Type1/motif_visualization/pwm_Motif_168.feather
letter-probability matrix: alength= 4
0.116215  0.124720  0.503505  0.255560
0.156840  0.052615  0.635312  0.155233
0.105712  0.159520  0.632353  0.102415
0.142283  0.209359  0.273827  0.374531
0.135979  0.072924  0.641991  0.149106
0.206177  0.589087  0.175206  0.029530
0.030415  0.878307  0.033381  0.057897
0.584719  0.320831  0.024047  0.070403

MOTIF pattern/Type1/motif_visualization/pwm_Motif_193.feather pattern/Type1/motif_visualization/pwm_Motif_193.feather
letter-probability matrix: alength= 4
0.167196  0.702955  0.063243  0.066606
0.058195  0.865568  0.019872  0.056366
0.141150  0.745605  0.026246  0.086998
0.077625  0.736367  0.024690  0.161317
0.138966  0.647109  0.060134  0.153791
0.127506  0.545997  0.079379  0.247118
0.315468  0.374586  0.159808  0.150138
0.153291  0.542133  0.214919  0.089657

MOTIF pattern/Type1/motif_visualization/pwm_Motif_29.feather pattern/Type1/motif_visualization/pwm_Motif_29.feather
letter-probability matrix: alength= 4
0.249967  0.305617  0.173768  0.270648
0.234986  0.343312  0.163693  0.258009
0.378311  0.366407  0.089818  0.165464
0.414278  0.030116  0.554979  0.000627
0.028026  0.005301  0.940612  0.026061
0.261001  0.626794  0.019588  0.092617
0.102911  0.466671  0.011551  0.418867
0.257065  0.203714  0.260192  0.279029

MOTIF pattern/Type1/motif_visualization/pwm_Motif_46.feather pattern/Type1/motif_visualization/pwm_Motif_46.feather
letter-probability matrix: alength= 4
0.043668  0.420391  0.319437  0.216503
0.136648  0.380411  0.182855  0.300086
0.181889  0.201358  0.216317  0.400436
0.194566  0.066577  0.538065  0.200792
0.187409  0.055069  0.687118  0.070404
0.137349  0.051295  0.593289  0.218067
0.032537  0.010003  0.921434  0.036026
0.044317  0.034738  0.826965  0.093980

MOTIF pattern/Type1/motif_visualization/pwm_Motif_73.feather pattern/Type1/motif_visualization/pwm_Motif_73.feather
letter-probability matrix: alength= 4
0.307122  0.000000  0.386353  0.306525
0.208634  0.277745  0.332326  0.181295
0.000000  1.000000  0.000000  0.000000
0.000000  0.000000  1.000000  0.000000
0.204748  0.271267  0.285834  0.238151
0.226329  0.245439  0.311083  0.217148
0.240668  0.233486  0.285199  0.240647
0.220192  0.264747  0.276955  0.238105

MOTIF pattern/Type1/motif_visualization/pwm_Motif_106.feather pattern/Type1/motif_visualization/pwm_Motif_106.feather
letter-probability matrix: alength= 4
0.216701  0.335002  0.245903  0.202393
0.275789  0.099760  0.389701  0.234750
0.003837  0.984680  0.006044  0.005439
0.003802  0.006496  0.985562  0.004140
0.230767  0.311532  0.185363  0.272338
0.233733  0.210628  0.309988  0.245650
0.227156  0.250033  0.285191  0.237620
0.231078  0.273710  0.245212  0.250000

MOTIF pattern/Type1/motif_visualization/pwm_Motif_0.feather pattern/Type1/motif_visualization/pwm_Motif_0.feather
letter-probability matrix: alength= 4
0.135681  0.197724  0.599433  0.067162
0.007542  0.008779  0.545302  0.438377
0.349835  0.590341  0.019340  0.040484
0.942864  0.036652  0.006346  0.014139
0.018789  0.198390  0.437942  0.344879
0.236343  0.272667  0.235595  0.255394
0.216452  0.279637  0.220897  0.283014
0.263814  0.175369  0.312419  0.248398

MOTIF pattern/Type1/motif_visualization/pwm_Motif_143.feather pattern/Type1/motif_visualization/pwm_Motif_143.feather
letter-probability matrix: alength= 4
0.198213  0.096286  0.221629  0.483871
0.118433  0.035563  0.799852  0.046152
0.051922  0.053455  0.506268  0.388356
0.093926  0.780253  0.026820  0.099001
0.502776  0.058028  0.345604  0.093593
0.136118  0.481919  0.202133  0.179829
0.173084  0.383787  0.091426  0.351702
0.364614  0.416612  0.150154  0.068620

MOTIF pattern/Type1/motif_visualization/pwm_Motif_133.feather pattern/Type1/motif_visualization/pwm_Motif_133.feather
letter-probability matrix: alength= 4
0.261392  0.044832  0.514912  0.178863
0.221990  0.656065  0.088301  0.033643
0.488844  0.437094  0.020606  0.053456
0.346167  0.064787  0.476989  0.112057
0.040549  0.417471  0.276969  0.265011
0.307355  0.476693  0.068637  0.147316
0.440159  0.062489  0.011576  0.485776
0.228658  0.025552  0.591800  0.153990

MOTIF pattern/Type1/motif_visualization/pwm_Motif_222.feather pattern/Type1/motif_visualization/pwm_Motif_222.feather
letter-probability matrix: alength= 4
0.302896  0.236542  0.027073  0.433489
0.230374  0.060968  0.551153  0.157505
0.076843  0.100747  0.743995  0.078415
0.221441  0.413634  0.208244  0.156681
0.127350  0.573132  0.220388  0.079130
0.064623  0.691436  0.018998  0.224943
0.180870  0.480623  0.038501  0.300006
0.182601  0.040755  0.157479  0.619164

MOTIF pattern/Type1/motif_visualization/pwm_Motif_22.feather pattern/Type1/motif_visualization/pwm_Motif_22.feather
letter-probability matrix: alength= 4
0.269381  0.124150  0.465861  0.140607
0.314374  0.317803  0.099276  0.268547
0.178758  0.540033  0.164104  0.117106
0.324456  0.083099  0.088854  0.503592
0.187314  0.663806  0.034215  0.114665
0.415739  0.019369  0.521796  0.043096
0.075011  0.334885  0.017755  0.572348
0.093645  0.288089  0.436214  0.182052

MOTIF pattern/Type1/motif_visualization/pwm_Motif_154.feather pattern/Type1/motif_visualization/pwm_Motif_154.feather
letter-probability matrix: alength= 4
0.100876  0.300518  0.296311  0.302295
0.449850  0.252726  0.093616  0.203808
0.258147  0.282889  0.352609  0.106355
0.099354  0.409367  0.051803  0.439476
0.123948  0.048390  0.689035  0.138628
0.118634  0.770647  0.058208  0.052510
0.047714  0.815275  0.100975  0.036036
0.628974  0.200269  0.045636  0.125120

MOTIF pattern/Type1/motif_visualization/pwm_Motif_14.feather pattern/Type1/motif_visualization/pwm_Motif_14.feather
letter-probability matrix: alength= 4
0.046985  0.873538  0.025422  0.054055
0.009474  0.927244  0.020976  0.042305
0.467618  0.107056  0.203436  0.221890
0.175378  0.558463  0.101884  0.164275
0.410820  0.096312  0.422819  0.070049
0.184422  0.259713  0.416293  0.139572
0.341549  0.364664  0.114404  0.179383
0.102380  0.549695  0.110597  0.237328

